	Cs-137	Cs-137-Al
-44.429146938	0	0
-43.755143752	0	0
-43.080590442	0	0
-42.405487008	0	0
-41.72983345	0	0
-41.053629768	0	0
-40.376875962	0	0
-39.699572032	0	0
-39.021717978	0	0
-38.3433138	0	0
-37.664359498	0	0
-36.984855072	0	0
-36.304800522	0	0
-35.624195848	0	0
-34.94304105	0	0
-34.261336128	0	0
-33.579081082	0	0
-32.896275912	0	0
-32.212920618	0	0
-31.5290152	0	0
-30.844559658	0	0
-30.159553992	0	0
-29.473998202	0	0
-28.787892288	0	0
-28.10123625	0	0
-27.414030088	0	0
-26.726273802	0	0
-26.037967392	0	0
-25.349110858	0	0
-24.6597042	0	0
-23.969747418	0	0
-23.279240512	0	0
-22.588183482	0	0
-21.896576328	0	0
-21.20441905	0	0
-20.511711648	0	0
-19.818454122	0	0
-19.124646472	0	0
-18.430288698	0	0
-17.7353808	0	0
-17.039922778	0	0
-16.343914632	0	0
-15.647356362	0	0
-14.950247968	0	0
-14.25258945	0	0
-13.554380808	0	0
-12.855622042	0	0
-12.156313152	0	0
-11.456454138	0	0
-10.756045	0	0
-10.055085738	0	0
-9.353576352	0	0
-8.651516842	0	0
-7.948907208	0	0
-7.24574745	0	0
-6.542037568	0	0
-5.837777562	0	0
-5.132967432	0	0
-4.427607178	0	0
-3.7216968	0	0
-3.015236298	0	0
-2.308225672	0	0
-1.600664922	0	0
-0.892554047999999	0	0
-0.183893049999999	0	0
0.525318072000001	0	0
1.235079318	0	0
1.945390688	0	0
2.656252182	0	0
3.3676638	0	0
4.079625542	0	0
4.792137408	0	0
5.505199398	0	0
6.218811512	0	0
6.93297375	0	0
7.647686112	0	0
8.362948598	2	0
9.078761208	92	86
9.795123942	2063	2218
10.5120368	10672	10733
11.229499782	12858	12783
11.947512888	11742	11321
12.666076118	10497	10079
13.385189472	9612	9382
14.10485295	8746	8207
14.825066552	8055	7532
15.545830278	7160	6758
16.267144128	6565	6194
16.989008102	6052	5684
17.7114222	5551	5131
18.434386422	5149	4852
19.157900768	4571	4239
19.881965238	4359	4117
20.606579832	3989	3643
21.33174455	3687	3388
22.057459392	3381	3120
22.783724358	3299	2932
23.510539448	2985	2759
24.237904662	2842	2561
24.96582	2655	2494
25.694285462	2539	2295
26.423301048	2388	2195
27.152866758	2193	2122
27.882982592	2187	1963
28.61364855	2002	2050
29.344864632	1923	1964
30.076630838	1759	1802
30.808947168	1814	1755
31.541813622	1772	1768
32.2752302	1758	1700
33.009196902	1769	1663
33.743713728	1691	1648
34.478780678	1665	1626
35.214397752	1650	1625
35.95056495	1673	1680
36.687282272	1660	1581
37.424549718	1642	1608
38.162367288	1638	1619
38.900734982	1567	1642
39.6396528	1611	1610
40.379120742	1574	1525
41.119138808	1596	1583
41.859706998	1621	1621
42.600825312	1624	1632
43.34249375	1545	1602
44.084712312	1562	1681
44.827480998	1567	1600
45.570799808	1623	1652
46.314668742	1588	1632
47.0590878	1538	1710
47.804056982	1622	1698
48.549576288	1556	1618
49.295645718	1665	1623
50.042265272	1699	1680
50.78943495	1573	1631
51.537154752	1692	1608
52.285424678	1604	1718
53.034244728	1630	1679
53.783614902	1643	1633
54.5335352	1642	1648
55.284005622	1733	1655
56.035026168	1703	1709
56.786596838	1701	1721
57.538717632	1618	1716
58.29138855	1679	1656
59.044609592	1672	1593
59.798380758	1707	1674
60.552702048	1681	1724
61.307573462	1657	1715
62.062995	1639	1703
62.818966662	1621	1622
63.575488448	1683	1662
64.332560358	1562	1677
65.090182392	1610	1687
65.84835455	1702	1665
66.607076832	1643	1690
67.366349238	1609	1530
68.126171768	1591	1635
68.886544422	1682	1700
69.6474672	1630	1655
70.408940102	1675	1682
71.170963128	1654	1668
71.933536278	1677	1680
72.696659552	1649	1582
73.46033295	1607	1674
74.224556472	1625	1644
74.989330118	1594	1682
75.754653888	1617	1644
76.520527782	1611	1616
77.2869518	1583	1623
78.053925942	1508	1533
78.821450208	1498	1648
79.589524598	1573	1623
80.358149112	1544	1600
81.12732375	1562	1653
81.897048512	1485	1581
82.667323398	1573	1613
83.438148408	1571	1550
84.209523542	1546	1572
84.9814488	1535	1525
85.753924182	1519	1592
86.526949688	1489	1579
87.300525318	1538	1594
88.074651072	1592	1599
88.84932695	1525	1567
89.624552952	1528	1525
90.400329078	1587	1603
91.176655328	1526	1568
91.953531702	1505	1629
92.7309582	1532	1517
93.508934822	1545	1481
94.287461568	1530	1540
95.066538438	1483	1549
95.846165432	1505	1586
96.62634255	1508	1607
97.407069792	1510	1620
98.188347158	1606	1528
98.970174648	1517	1560
99.752552262	1442	1535
100.53548	1428	1558
101.318957862	1505	1487
102.102985848	1507	1488
102.887563958	1565	1587
103.672692192	1557	1524
104.45837055	1612	1631
105.244599032	1481	1548
106.031377638	1495	1518
106.818706368	1535	1564
107.606585222	1500	1453
108.3950142	1543	1545
109.183993302	1525	1513
109.973522528	1453	1598
110.763601878	1528	1546
111.554231352	1433	1544
112.34541095	1511	1542
113.137140672	1429	1570
113.929420518	1540	1606
114.722250488	1489	1554
115.515630582	1527	1535
116.3095608	1540	1498
117.104041142	1548	1533
117.899071608	1441	1467
118.694652198	1506	1610
119.490782912	1526	1594
120.28746375	1509	1488
121.084694712	1548	1575
121.882475798	1484	1579
122.680807008	1531	1580
123.479688342	1459	1511
124.2791198	1529	1553
125.079101382	1482	1578
125.879633088	1545	1515
126.680714918	1493	1531
127.482346872	1496	1529
128.28452895	1512	1511
129.087261152	1468	1552
129.890543478	1480	1516
130.694375928	1562	1513
131.498758502	1501	1518
132.3036912	1478	1449
133.109174022	1430	1568
133.915206968	1430	1529
134.721790038	1478	1527
135.528923232	1471	1535
136.33660655	1476	1481
137.144839992	1474	1468
137.953623558	1480	1589
138.762957248	1518	1496
139.572841062	1540	1608
140.383275	1546	1585
141.194259062	1449	1545
142.005793248	1487	1553
142.817877558	1495	1607
143.630511992	1479	1544
144.44369655	1523	1582
145.257431232	1545	1624
146.071716038	1563	1471
146.886550968	1542	1585
147.701936022	1593	1634
148.5178712	1532	1501
149.334356502	1477	1539
150.151391928	1509	1541
150.968977478	1520	1514
151.787113152	1599	1541
152.60579895	1511	1629
153.425034872	1517	1602
154.244820918	1611	1543
155.065157088	1565	1559
155.886043382	1538	1631
156.7074798	1557	1603
157.529466342	1555	1553
158.352003008	1470	1541
159.175089798	1591	1667
159.998726712	1607	1606
160.82291375	1573	1613
161.647650912	1584	1707
162.472938198	1544	1566
163.298775608	1627	1639
164.125163142	1609	1701
164.9521008	1648	1694
165.779588582	1579	1602
166.607626488	1557	1707
167.436214518	1593	1674
168.265352672	1638	1683
169.09504095	1639	1672
169.925279352	1654	1689
170.756067878	1722	1710
171.587406528	1645	1699
172.419295302	1697	1646
173.2517342	1631	1725
174.084723222	1670	1751
174.918262368	1735	1776
175.752351638	1683	1794
176.586991032	1681	1774
177.42218055	1716	1837
178.257920192	1705	1788
179.094209958	1742	1805
179.931049848	1620	1791
180.768439862	1715	1765
181.60638	1681	1812
182.444870262	1683	1797
183.283910648	1745	1802
184.123501158	1792	1882
184.963641792	1694	1884
185.80433255	1797	1802
186.645573432	1769	1945
187.487364438	1722	1918
188.329705568	1800	1795
189.172596822	1806	1848
190.0160382	1836	1876
190.860029702	1861	1838
191.704571328	1761	1887
192.549663078	1803	1876
193.395304952	1838	1987
194.24149695	1864	1931
195.088239072	1818	1863
195.935531318	1846	1929
196.783373688	1803	1874
197.631766182	1888	2004
198.4807088	1884	1953
199.330201542	1838	1870
200.180244408	1888	1929
201.030837398	1861	1934
201.881980512	1809	1942
202.73367375	1950	2064
203.585917112	1843	1892
204.438710598	1772	1944
205.292054208	1892	1984
206.145947942	1878	1937
207.0003918	1887	1977
207.855385782	1891	2014
208.710929888	1820	1914
209.567024118	1835	1996
210.423668472	1896	2010
211.28086295	1863	1924
212.138607552	1843	1984
212.996902278	1845	1976
213.855747128	1921	1958
214.715142102	1823	1946
215.5750872	1909	2001
216.435582422	1839	1979
217.296627768	1921	1949
218.158223238	1811	1928
219.020368832	1802	1917
219.88306455	1873	1890
220.746310392	1840	1948
221.610106358	1903	1903
222.474452448	1779	1878
223.339348662	1790	1930
224.204795	1762	1863
225.070791462	1740	1886
225.937338048	1808	1941
226.804434758	1720	1847
227.672081592	1753	1838
228.54027855	1770	1849
229.409025632	1823	1872
230.278322838	1757	1899
231.148170168	1762	1818
232.018567622	1708	1812
232.8895152	1791	1791
233.761012902	1775	1812
234.633060728	1692	1807
235.505658678	1746	1779
236.378806752	1696	1767
237.25250495	1751	1779
238.126753272	1749	1800
239.001551718	1687	1845
239.876900288	1613	1729
240.752798982	1625	1709
241.6292478	1655	1761
242.506246742	1619	1746
243.383795808	1680	1749
244.261894998	1671	1784
245.140544312	1583	1729
246.01974375	1656	1648
246.899493312	1649	1701
247.779792998	1664	1720
248.660642808	1594	1722
249.542042742	1552	1730
250.4239928	1580	1663
251.306492982	1522	1652
252.189543288	1537	1629
253.073143718	1516	1675
253.957294272	1581	1633
254.84199495	1574	1642
255.727245752	1571	1571
256.613046678	1516	1677
257.499397728	1474	1612
258.386298902	1537	1592
259.2737502	1476	1511
260.161751622	1505	1570
261.050303168	1425	1612
261.939404838	1471	1627
262.829056632	1497	1509
263.71925855	1472	1575
264.610010592	1465	1550
265.501312758	1487	1512
266.393165048	1421	1500
267.285567462	1418	1524
268.17852	1326	1506
269.072022662	1383	1474
269.966075448	1370	1480
270.860678358	1459	1457
271.755831392	1415	1458
272.65153455	1406	1425
273.547787832	1420	1443
274.444591238	1377	1421
275.341944768	1392	1452
276.239848422	1383	1357
277.1383022	1304	1393
278.037306102	1343	1452
278.936860128	1317	1432
279.836964278	1415	1364
280.737618552	1307	1420
281.63882295	1311	1306
282.540577472	1309	1389
283.442882118	1328	1346
284.345736888	1358	1348
285.249141782	1302	1371
286.1530968	1355	1325
287.057601942	1340	1395
287.962657208	1338	1244
288.868262598	1221	1255
289.774418112	1247	1389
290.68112375	1316	1332
291.588379512	1279	1302
292.496185398	1271	1308
293.404541408	1294	1292
294.313447542	1238	1231
295.2229038	1251	1310
296.132910182	1253	1296
297.043466688	1238	1332
297.954573318	1245	1277
298.866230072	1249	1328
299.77843695	1266	1335
300.691193952	1259	1234
301.604501078	1181	1282
302.518358328	1206	1197
303.432765702	1215	1199
304.3477232	1221	1170
305.263230822	1184	1265
306.179288568	1229	1224
307.095896438	1237	1210
308.013054432	1186	1191
308.93076255	1126	1167
309.849020792	1205	1194
310.767829158	1147	1240
311.687187648	1209	1186
312.607096262	1203	1247
313.527555	1188	1225
314.448563862	1240	1231
315.370122848	1191	1254
316.292231958	1137	1226
317.214891192	1200	1198
318.13810055	1195	1286
319.061860032	1188	1216
319.986169638	1172	1220
320.911029368	1170	1164
321.836439222	1184	1219
322.7623992	1156	1189
323.688909302	1189	1148
324.615969528	1187	1196
325.543579878	1198	1130
326.471740352	1159	1154
327.40045095	1135	1173
328.329711672	1147	1209
329.259522518	1105	1231
330.189883488	1149	1143
331.120794582	1181	1195
332.0522558	1135	1139
332.984267142	1142	1199
333.916828608	1079	1201
334.849940198	1173	1173
335.783601912	1119	1194
336.71781375	1189	1123
337.652575712	1175	1143
338.587887798	1175	1154
339.523750008	1114	1207
340.460162342	1219	1182
341.3971248	1191	1113
342.334637382	1165	1200
343.272700088	1212	1171
344.211312918	1142	1147
345.150475872	1138	1195
346.09018895	1121	1112
347.030452152	1119	1137
347.971265478	1088	1180
348.912628928	1098	1093
349.854542502	1099	1145
350.7970062	1173	1184
351.740020022	1118	1141
352.683583968	1148	1176
353.627698038	1165	1201
354.572362232	1164	1188
355.51757655	1074	1140
356.463340992	1116	1100
357.409655558	1146	1142
358.356520248	1161	1203
359.303935062	1152	1137
360.2519	1107	1149
361.200415062	1132	1108
362.149480248	1109	1061
363.099095558	1109	1151
364.049260992	1125	1125
364.99997655	1141	1066
365.951242232	1089	1159
366.903058038	1105	1169
367.855423968	1125	1147
368.808340022	1149	1168
369.7618062	1094	1166
370.715822502	1136	1166
371.670388928	1055	1158
372.625505478	1082	1118
373.581172152	1076	1096
374.53738895	1119	1127
375.494155872	1127	1105
376.451472918	1080	1128
377.409340088	1090	1113
378.367757382	1156	1112
379.3267248	1108	1142
380.286242342	1071	1129
381.246310008	1104	1164
382.206927798	1121	1184
383.168095712	1126	1140
384.12981375	1093	1069
385.092081912	1158	1168
386.054900198	1104	1062
387.018268608	1099	1153
387.982187142	1132	1129
388.9466558	1135	1110
389.911674582	1081	1158
390.877243488	1084	1135
391.843362518	1065	1144
392.810031672	1106	1164
393.77725095	1136	1166
394.745020352	1107	1155
395.713339878	1140	1165
396.682209528	1082	1166
397.651629302	1076	1109
398.6215992	1117	1160
399.592119222	1134	1117
400.563189368	1102	1173
401.534809638	1090	1147
402.506980032	1105	1121
403.47970055	1108	1108
404.452971192	1104	1199
405.426791958	1032	1108
406.401162848	1061	1114
407.376083862	1106	1109
408.351555	1078	1191
409.327576262	1110	1089
410.304147648	1099	1148
411.281269158	1121	1163
412.258940792	1085	1171
413.23716255	1110	1194
414.215934432	1099	1198
415.195256438	1074	1153
416.175128568	1109	1153
417.155550822	1088	1110
418.1365232	1100	1159
419.118045702	1143	1161
420.100118328	1149	1129
421.082741078	1093	1098
422.065913952	1069	1140
423.04963695	1123	1116
424.033910072	1067	1113
425.018733318	1156	1100
426.004106688	1056	1072
426.990030182	1087	1177
427.9765038	1109	1172
428.963527542	1126	1098
429.951101408	1116	1072
430.939225398	1044	1055
431.927899512	1146	1094
432.91712375	1048	1070
433.906898112	1048	1143
434.897222598	1008	1046
435.888097208	1096	1105
436.879521942	1084	1103
437.8714968	1037	1151
438.864021782	1036	1049
439.857096888	1047	1065
440.850722118	1073	1091
441.844897472	1046	1091
442.83962295	1077	1050
443.834898552	1080	1020
444.830724278	1001	1060
445.827100128	1048	1054
446.824026102	1032	1058
447.8215022	1033	1054
448.819528422	986	1022
449.818104768	1003	1033
450.817231238	969	1013
451.816907832	981	921
452.81713455	966	1003
453.817911392	1013	1014
454.819238358	985	910
455.821115448	959	983
456.823542662	960	957
457.82652	896	988
458.830047462	890	936
459.834125048	900	938
460.838752758	935	948
461.843930592	927	954
462.84965855	865	1002
463.855936632	852	847
464.862764838	866	885
465.870143168	879	909
466.878071622	841	903
467.8865502	810	849
468.895578902	862	868
469.905157728	770	826
470.915286678	845	825
471.925965752	834	801
472.93719495	801	803
473.948974272	759	764
474.961303718	769	806
475.974183288	741	804
476.987612982	799	794
478.0015928	741	730
479.016122742	765	759
480.031202808	791	735
481.046832998	700	721
482.063013312	735	753
483.07974375	717	709
484.097024312	706	715
485.114854998	726	709
486.133235808	716	655
487.152166742	665	685
488.1716478	661	680
489.191678982	649	654
490.212260288	669	652
491.233391718	622	648
492.255073272	637	643
493.27730495	598	612
494.300086752	613	575
495.323418678	612	622
496.347300728	629	655
497.371732902	624	624
498.3967152	546	595
499.422247622	626	524
500.448330168	583	620
501.474962838	560	591
502.502145632	561	608
503.52987855	566	577
504.558161592	601	579
505.586994758	573	529
506.616378048	552	572
507.646311462	562	539
508.676795	530	558
509.707828662	530	520
510.739412448	539	515
511.771546358	527	537
512.804230392	511	536
513.83746455	487	464
514.871248832	535	512
515.905583238	507	515
516.940467768	503	490
517.975902422	512	484
519.0118872	501	502
520.048422102	489	511
521.085507128	469	481
522.123142278	481	488
523.161327552	510	472
524.20006295	469	448
525.239348472	470	451
526.279184118	494	485
527.319569888	447	490
528.360505782	447	473
529.4019918	461	435
530.444027942	442	409
531.486614208	448	471
532.529750598	454	415
533.573437112	461	438
534.61767375	438	423
535.662460512	450	438
536.707797398	423	425
537.753684408	424	432
538.800121542	425	453
539.8471088	463	410
540.894646182	480	443
541.942733688	432	451
542.991371318	413	436
544.040559072	440	429
545.09029695	414	430
546.140584952	422	395
547.191423078	415	429
548.242811328	430	426
549.294749702	454	459
550.3472382	403	419
551.400276822	426	424
552.453865568	406	419
553.508004438	415	433
554.562693432	420	400
555.61793255	442	406
556.673721792	410	441
557.730061158	431	406
558.786950648	462	436
559.844390262	430	459
560.90238	419	431
561.960919862	461	432
563.020009848	445	469
564.079649958	438	456
565.139840192	466	489
566.20058055	485	467
567.261871032	505	495
568.323711638	509	520
569.386102368	511	501
570.449043222	529	544
571.5125342	526	535
572.576575302	506	499
573.641166528	519	529
574.706307878	550	537
575.771999352	590	547
576.83824095	592	571
577.905032672	552	602
578.972374518	662	641
580.040266488	644	640
581.108708582	665	621
582.1777008	684	678
583.247243142	715	691
584.317335608	694	758
585.387978198	715	749
586.459170912	756	800
587.53091375	796	841
588.603206712	838	889
589.676049798	864	889
590.749443008	878	1007
591.823386342	937	1003
592.8978798	994	975
593.972923382	924	1102
595.048517088	1053	1047
596.124660918	1114	1202
597.201354872	1143	1195
598.27859895	1208	1240
599.356393152	1191	1271
600.434737478	1312	1335
601.513631928	1307	1460
602.593076502	1483	1572
603.6730712	1458	1583
604.753616022	1523	1585
605.834710968	1661	1677
606.916356038	1656	1717
607.998551232	1781	1858
609.08129655	1808	2014
610.164591992	1921	2063
611.248437558	1968	2070
612.332833248	2133	2210
613.417779062	2266	2234
614.503275	2220	2325
615.589321062	2490	2434
616.675917248	2468	2388
617.763063558	2538	2675
618.850759992	2626	2853
619.93900655	2718	2905
621.027803232	2847	2968
622.117150038	2978	3072
623.207046968	2945	3152
624.297494022	3095	3157
625.3884912	3205	3343
626.480038502	3239	3356
627.572135928	3378	3478
628.664783478	3450	3552
629.757981152	3607	3808
630.85172895	3695	3781
631.946026872	3767	3844
633.040874918	3921	4017
634.136273088	4019	4127
635.232221382	4060	4140
636.3287198	4136	4276
637.425768342	4289	4368
638.523367008	4350	4408
639.621515798	4375	4560
640.720214712	4504	4596
641.81946375	4577	4649
642.919262912	4601	4814
644.019612198	4706	4859
645.120511608	4766	4894
646.221961142	4837	4913
647.3239608	4883	5073
648.426510582	4991	5067
649.529610488	4966	4998
650.633260518	4981	5183
651.737460672	5030	5166
652.84221095	5107	5154
653.947511352	5169	5224
655.053361878	5118	5170
656.159762528	5060	5181
657.266713302	5140	5147
658.3742142	5206	5317
659.482265222	5262	5283
660.590866368	4993	5193
661.700017638	4959	5137
662.809719032	4937	5030
663.91997055	4934	5012
665.030772192	5014	5058
666.142123958	4906	4900
667.254025848	4943	4918
668.366477862	4890	5023
669.47948	4765	4677
670.593032262	4661	4778
671.707134648	4640	4758
672.821787158	4546	4517
673.936989792	4609	4596
675.05274255	4342	4504
676.169045432	4237	4422
677.285898438	4107	4300
678.403301568	4154	4089
679.521254822	3984	4000
680.6397582	4071	4008
681.758811702	3940	3839
682.878415328	3699	3821
683.998569078	3668	3688
685.119272952	3517	3587
686.24052695	3528	3438
687.362331072	3419	3346
688.484685318	3219	3191
689.607589688	3213	3142
690.731044182	3061	3082
691.8550488	2892	3013
692.979603542	2826	2972
694.104708408	2913	2850
695.230363398	2703	2705
696.356568512	2687	2513
697.48332375	2476	2512
698.610629112	2319	2417
699.738484598	2305	2225
700.866890208	2247	2247
701.995845942	2121	2143
703.1253518	2076	2082
704.255407782	2110	1963
705.386013888	1936	1908
706.517170118	1812	1841
707.648876472	1745	1790
708.78113295	1663	1699
709.913939552	1634	1648
711.047296278	1509	1604
712.181203128	1498	1494
713.315660102	1427	1415
714.4506672	1339	1309
715.586224422	1328	1342
716.722331768	1263	1239
717.858989238	1173	1188
718.996196832	1151	1125
720.13395455	1134	1093
721.272262392	1120	1112
722.411120358	992	1017
723.550528448	986	973
724.690486662	971	923
725.830995	857	913
726.972053462	852	873
728.113662048	813	789
729.255820758	833	758
730.398529592	731	789
731.54178855	692	747
732.685597632	648	695
733.829956838	646	675
734.974866168	670	639
736.120325622	619	622
737.2663352	578	617
738.412894902	571	565
739.560004728	539	560
740.707664678	543	492
741.855874752	529	522
743.00463495	497	485
744.153945272	492	473
745.303805718	471	449
746.454216288	407	442
747.605176982	452	429
748.7566878	394	399
749.908748742	402	385
751.061359808	387	363
752.214520998	375	362
753.368232312	350	337
754.52249375	346	311
755.677305312	346	333
756.832666998	308	363
757.988578808	332	297
759.145040742	248	314
760.3020528	292	297
761.459614982	297	316
762.617727288	280	272
763.776389718	269	275
764.935602272	293	271
766.09536495	282	279
767.255677752	238	267
768.416540678	240	227
769.577953728	250	247
770.739916902	249	216
771.9024302	227	222
773.065493622	235	214
774.229107168	206	224
775.393270838	230	233
776.557984632	240	227
777.72324855	205	186
778.889062592	177	201
780.055426758	216	198
781.222341048	197	207
782.389805462	178	184
783.55782	204	197
784.726384662	215	204
785.895499448	193	194
787.065164358	200	206
788.235379392	192	182
789.40614455	187	169
790.577459832	177	184
791.749325238	169	168
792.921740768	171	181
794.094706422	171	194
795.2682222	167	186
796.442288102	169	180
797.616904128	160	197
798.792070278	159	138
799.967786552	167	154
801.14405295	159	154
802.320869472	140	147
803.498236118	134	164
804.676152888	155	177
805.854619782	168	145
807.0336368	161	150
808.213203942	129	167
809.393321208	147	163
810.573988598	144	142
811.755206112	160	157
812.93697375	146	131
814.119291512	147	132
815.302159398	151	155
816.485577408	136	136
817.669545542	152	150
818.8540638	149	136
820.039132182	149	154
821.224750688	163	159
822.410919318	149	140
823.597638072	159	148
824.78490695	144	141
825.972725952	179	139
827.161095078	132	136
828.350014328	142	125
829.539483702	153	160
830.7295032	147	165
831.920072822	154	151
833.111192568	163	157
834.302862438	138	148
835.495082432	141	150
836.68785255	128	133
837.881172792	131	147
839.075043158	149	151
840.269463648	123	152
841.464434262	142	142
842.659955	143	141
843.856025862	151	141
845.052646848	142	158
846.249817958	153	172
847.447539192	143	144
848.64581055	170	140
849.844632032	148	137
851.044003638	140	141
852.243925368	141	134
853.444397222	137	136
854.6454192	144	137
855.846991302	157	148
857.049113528	146	141
858.251785878	141	135
859.455008352	136	136
860.65878095	145	149
861.863103672	145	145
863.067976518	132	140
864.273399488	162	152
865.479372582	151	153
866.6858958	131	156
867.892969142	137	140
869.100592608	140	169
870.308766198	165	151
871.517489912	152	151
872.72676375	156	143
873.936587712	130	144
875.146961798	173	166
876.357886008	138	141
877.569360342	164	153
878.7813848	133	142
879.993959382	152	150
881.207084088	139	165
882.420758918	161	140
883.634983872	143	158
884.84975895	151	150
886.065084152	133	161
887.280959478	159	151
888.497384928	144	193
889.714360502	160	155
890.9318862	146	152
892.149962022	161	132
893.368587968	142	144
894.587764038	147	143
895.807490232	146	163
897.02776655	152	153
898.248592992	145	125
899.469969558	174	170
900.691896248	167	126
901.914373062	121	143
903.1374	146	161
904.360977062	164	158
905.585104248	170	137
906.809781558	149	140
908.035008992	148	142
909.26078655	145	143
910.487114232	149	152
911.713992038	156	154
912.941419968	134	155
914.169398022	156	137
915.3979262	159	141
916.627004502	157	157
917.856632928	162	142
919.086811478	142	141
920.317540152	132	148
921.54881895	149	154
922.780647872	132	145
924.013026918	131	163
925.245956088	142	148
926.479435382	168	156
927.7134648	137	136
928.948044342	142	143
930.183174008	159	151
931.418853798	165	153
932.655083712	151	147
933.89186375	133	147
935.129193912	138	162
936.367074198	117	164
937.605504608	141	123
938.844485142	167	134
940.0840158	135	143
941.324096582	154	140
942.564727488	147	149
943.805908518	148	149
945.047639672	157	145
946.28992095	120	139
947.532752352	139	137
948.776133878	141	155
950.020065528	148	135
951.264547302	133	129
952.5095792	130	160
953.755161222	130	126
955.001293368	112	137
956.247975638	119	145
957.495208032	120	128
958.74299055	140	117
959.991323192	149	134
961.240205958	130	121
962.489638848	137	153
963.739621862	136	131
964.990155	151	134
966.241238262	128	129
967.492871648	149	139
968.745055158	135	132
969.997788792	133	134
971.25107255	127	111
972.504906432	158	126
973.759290438	120	130
975.014224568	136	116
976.269708822	135	164
977.5257432	117	120
978.782327702	134	127
980.039462328	128	151
981.297147078	124	124
982.555381952	130	139
983.81416695	124	112
985.073502072	124	142
986.333387318	125	122
987.593822688	115	110
988.854808182	91	123
990.1163438	110	147
991.378429542	125	114
992.641065408	106	111
993.904251398	96	121
995.167987512	117	125
996.43227375	114	131
997.697110112	108	108
998.962496598	117	106
1000.228433208	113	119
1001.494919942	127	133
1002.7619568	124	106
1004.029543782	103	103
1005.297680888	111	98
1006.566368118	111	111
1007.835605472	121	123
1009.10539295	130	128
1010.375730552	104	124
1011.646618278	112	108
1012.918056128	105	99
1014.190044102	116	117
1015.4625822	109	101
1016.735670422	118	121
1018.009308768	118	111
1019.283497238	100	128
1020.558235832	117	98
1021.83352455	109	100
1023.109363392	122	114
1024.385752358	135	99
1025.662691448	92	109
1026.940180662	108	101
1028.21822	114	125
1029.496809462	122	104
1030.775949048	87	106
1032.055638758	103	93
1033.335878592	114	107
1034.61666855	102	90
1035.898008632	92	104
1037.179898838	96	94
1038.462339168	92	88
1039.745329622	96	108
1041.0288702	105	101
1042.312960902	100	97
1043.597601728	107	100
1044.882792678	120	96
1046.168533752	113	106
1047.45482495	98	115
1048.741666272	107	95
1050.029057718	97	96
1051.316999288	103	88
1052.605490982	87	89
1053.8945328	72	93
1055.184124742	90	99
1056.474266808	92	89
1057.764958998	95	99
1059.056201312	100	102
1060.34799375	95	82
1061.640336312	95	90
1062.933228998	100	117
1064.226671808	117	89
1065.520664742	96	105
1066.8152078	91	109
1068.110300982	89	93
1069.405944288	96	113
1070.702137718	90	88
1071.998881272	92	93
1073.29617495	106	106
1074.594018752	84	95
1075.892412678	103	101
1077.191356728	107	101
1078.490850902	94	122
1079.7908952	118	87
1081.091489622	80	115
1082.392634168	93	111
1083.694328838	119	93
1084.996573632	101	87
1086.29936855	110	91
1087.602713592	98	93
1088.906608758	92	111
1090.211054048	91	98
1091.516049462	88	81
1092.821595	83	100
1094.127690662	99	90
1095.434336448	101	93
1096.741532358	110	97
1098.049278392	97	96
1099.35757455	93	100
1100.666420832	88	108
1101.975817238	90	91
1103.285763768	82	79
1104.596260422	95	97
1105.9073072	87	103
1107.218904102	93	81
1108.531051128	112	97
1109.843748278	90	96
1111.156995552	96	97
1112.47079295	83	77
1113.785140472	95	95
1115.100038118	104	94
1116.415485888	114	104
1117.731483782	94	94
1119.0480318	114	91
1120.365129942	101	109
1121.682778208	92	109
1123.000976598	102	74
1124.319725112	85	87
1125.63902375	90	86
1126.958872512	66	90
1128.279271398	94	77
1129.600220408	89	92
1130.921719542	87	81
1132.2437688	88	97
1133.566368182	82	77
1134.889517688	89	78
1136.213217318	76	74
1137.537467072	99	90
1138.86226695	84	98
1140.187616952	108	104
1141.513517078	72	86
1142.839967328	88	75
1144.166967702	93	96
1145.4945182	92	71
1146.822618822	84	86
1148.151269568	83	100
1149.480470438	108	78
1150.810221432	88	79
1152.14052255	88	79
1153.471373792	98	94
1154.802775158	84	104
1156.134726648	78	89
1157.467228262	91	93
1158.80028	83	94
1160.133881862	86	97
1161.468033848	94	92
1162.802735958	100	81
1164.137988192	89	96
1165.47379055	81	62
1166.810143032	78	83
1168.147045638	87	93
1169.484498368	78	97
1170.822501222	77	76
1172.1610542	86	75
1173.500157302	97	82
1174.839810528	89	74
1176.180013878	88	89
1177.520767352	74	77
1178.86207095	75	83
1180.203924672	72	94
1181.546328518	86	76
1182.889282488	84	91
1184.232786582	83	67
1185.5768408	68	77
1186.921445142	78	77
1188.266599608	97	88
1189.612304198	84	78
1190.958558912	71	67
1192.30536375	72	83
1193.652718712	74	95
1195.000623798	87	65
1196.349079008	69	81
1197.698084342	70	70
1199.0476398	88	95
1200.397745382	65	66
1201.748401088	57	74
1203.099606918	66	84
1204.451362872	76	76
1205.80366895	84	65
1207.156525152	76	84
1208.509931478	63	72
1209.863887928	73	79
1211.218394502	76	69
1212.5734512	59	63
1213.929058022	68	73
1215.285214968	91	82
1216.641922038	84	76
1217.999179232	78	76
1219.35698655	68	73
1220.715343992	77	73
1222.074251558	67	82
1223.433709248	76	91
1224.793717062	79	87
1226.154275	64	54
1227.515383062	73	61
1228.877041248	76	57
1230.239249558	78	73
1231.602007992	88	63
1232.96531655	76	64
1234.329175232	65	78
1235.693584038	65	70
1237.058542968	73	81
1238.424052022	61	71
1239.7901112	78	82
1241.156720502	73	52
1242.523879928	72	75
1243.891589478	68	70
1245.259849152	55	76
1246.62865895	83	82
1247.998018872	58	78
1249.367928918	56	64
1250.738389088	69	81
1252.109399382	62	71
1253.4809598	68	79
1254.853070342	69	62
1256.225731008	73	71
1257.598941798	59	70
1258.972702712	48	76
1260.34701375	66	59
1261.721874912	61	65
1263.097286198	69	59
1264.473247608	69	67
1265.849759142	60	57
1267.2268208	73	70
1268.604432582	71	56
1269.982594488	70	66
1271.361306518	54	69
1272.740568672	68	69
1274.12038095	64	66
1275.500743352	65	88
1276.881655878	75	74
1278.263118528	64	72
1279.645131302	66	69
1281.0276942	62	67
1282.410807222	65	72
1283.794470368	76	60
1285.178683638	46	73
1286.563447032	47	49
1287.94876055	83	57
1289.334624192	62	56
1290.721037958	68	56
1292.108001848	69	64
1293.495515862	68	58
1294.88358	60	62
1296.272194262	65	68
1297.661358648	61	59
1299.051073158	60	71
1300.441337792	67	56
1301.83215255	60	66
1303.223517432	53	67
1304.615432438	58	56
1306.007897568	62	54
1307.400912822	62	62
1308.7944782	56	58
1310.188593702	69	67
1311.583259328	70	63
1312.978475078	50	44
1314.374240952	70	61
1315.77055695	63	53
1317.167423072	62	56
1318.564839318	67	76
1319.962805688	58	58
1321.361322182	69	52
1322.7603888	66	69
1324.160005542	54	64
1325.560172408	45	51
1326.960889398	60	52
1328.362156512	65	55
1329.76397375	62	70
1331.166341112	58	56
1332.569258598	62	45
1333.972726208	61	69
1335.376743942	61	62
1336.7813118	50	55
1338.186429782	58	57
1339.592097888	63	59
1340.998316118	62	74
1342.405084472	60	72
1343.81240295	73	71
1345.220271552	55	56
1346.628690278	79	68
1348.037659128	63	52
1349.447178102	54	69
1350.8572472	60	62
1352.267866422	60	57
1353.679035768	43	60
1355.090755238	61	56
1356.503024832	48	59
1357.91584455	54	47
1359.329214392	60	67
1360.743134358	71	58
1362.157604448	69	68
1363.572624662	49	52
1364.988195	72	67
1366.404315462	62	55
1367.820986048	43	66
1369.238206758	53	60
1370.655977592	74	66
1372.07429855	66	58
1373.493169632	62	64
1374.912590838	66	65
1376.332562168	61	49
1377.753083622	72	48
1379.1741552	71	68
1380.595776902	62	56
1382.017948728	58	68
1383.440670678	72	79
1384.863942752	60	58
1386.28776495	66	68
1387.712137272	60	64
1389.137059718	78	59
1390.562532288	60	63
1391.988554982	63	63
1393.4151278	52	60
1394.842250742	64	75
1396.269923808	73	63
1397.698146998	67	58
1399.126920312	81	48
1400.55624375	63	58
1401.986117312	81	68
1403.416540998	68	76
1404.847514808	81	80
1406.279038742	73	74
1407.7111128	66	73
1409.143736982	84	74
1410.576911288	77	82
1412.010635718	71	73
1413.444910272	78	81
1414.87973495	65	76
1416.315109752	68	81
1417.751034678	87	72
1419.187509728	76	83
1420.624534902	86	97
1422.0621102	80	80
1423.500235622	90	81
1424.938911168	83	78
1426.378136838	87	75
1427.817912632	79	98
1429.25823855	86	81
1430.699114592	74	87
1432.140540758	87	96
1433.582517048	94	71
1435.025043462	92	88
1436.46812	93	93
1437.911746662	97	98
1439.355923448	100	113
1440.800650358	112	95
1442.245927392	78	115
1443.69175455	103	92
1445.138131832	78	87
1446.585059238	95	102
1448.032536768	104	118
1449.480564422	107	114
1450.9291422	111	86
1452.378270102	111	102
1453.827948128	111	117
1455.278176278	102	107
1456.728954552	114	109
1458.18028295	101	117
1459.632161472	116	116
1461.084590118	105	93
1462.537568888	118	97
1463.991097782	92	116
1465.4451768	113	134
1466.899805942	108	121
1468.354985208	126	111
1469.810714598	120	102
1471.266994112	112	104
1472.72382375	107	121
1474.181203512	96	131
1475.639133398	104	102
1477.097613408	127	116
1478.556643542	116	116
1480.0162238	118	150
1481.476354182	109	112
1482.937034688	102	126
1484.398265318	123	115
1485.860046072	135	128
1487.32237695	93	103
1488.785257952	128	122
1490.248689078	119	105
1491.712670328	123	109
1493.177201702	110	124
1494.6422832	126	115
1496.107914822	134	105
1497.574096568	104	107
1499.040828438	123	128
1500.508110432	117	112
1501.97594255	110	86
1503.444324792	118	132
1504.913257158	117	116
1506.382739648	103	106
1507.852772262	80	100
1509.323355	119	128
1510.794487862	116	123
1512.266170848	116	99
1513.738403958	124	123
1515.211187192	104	98
1516.68452055	119	105
1518.158404032	102	104
1519.632837638	99	105
1521.107821368	101	98
1522.583355222	80	80
1524.0594392	100	122
1525.536073302	83	111
1527.013257528	105	102
1528.490991878	120	94
1529.969276352	110	82
1531.44811095	94	121
1532.927495672	89	93
1534.407430518	95	91
1535.887915488	103	93
1537.368950582	82	97
1538.8505358	73	76
1540.332671142	87	92
1541.815356608	82	94
1543.298592198	93	94
1544.782377912	86	85
1546.26671375	74	72
1547.751599712	68	82
1549.237035798	84	69
1550.723022008	73	75
1552.209558342	83	77
1553.6966448	67	67
1555.184281382	64	79
1556.672468088	74	63
1558.161204918	83	68
1559.650491872	75	59
1561.14032895	84	72
1562.630716152	84	75
1564.121653478	70	62
1565.613140928	63	67
1567.105178502	74	50
1568.5977662	81	62
1570.090904022	67	63
1571.584591968	81	65
1573.078830038	60	68
1574.573618232	66	66
1576.06895655	58	43
1577.564844992	63	65
1579.061283558	68	58
1580.558272248	55	54
1582.055811062	66	75
1583.5539	50	68
1585.052539062	59	66
1586.551728248	60	63
1588.051467558	59	63
1589.551756992	49	52
1591.05259655	43	62
1592.553986232	52	48
1594.055926038	54	65
1595.558415968	62	64
1597.061456022	59	57
1598.5650462	54	56
1600.069186502	51	58
1601.573876928	54	67
1603.079117478	75	49
1604.584908152	57	65
1606.09124895	56	47
1607.598139872	44	56
1609.105580918	63	44
1610.613572088	59	43
1612.122113382	76	43
1613.6312048	50	48
1615.140846342	57	61
1616.651038008	41	46
1618.161779798	51	59
1619.673071712	56	37
1621.18491375	42	38
1622.697305912	44	54
1624.210248198	57	55
1625.723740608	48	58
1627.237783142	46	47
1628.7523758	49	48
1630.267518582	55	46
1631.783211488	69	61
1633.299454518	41	36
1634.816247672	51	50
1636.33359095	43	56
1637.851484352	31	55
1639.369927878	47	58
1640.888921528	52	44
1642.408465302	55	47
1643.9285592	35	40
1645.449203222	50	52
1646.970397368	52	44
1648.492141638	42	43
1650.014436032	36	49
1651.53728055	54	43
1653.060675192	40	39
1654.584619958	44	49
1656.109114848	56	47
1657.634159862	39	46
1659.159755	49	65
1660.685900262	63	37
1662.212595648	35	39
1663.739841158	42	41
1665.267636792	45	38
1666.79598255	42	36
1668.324878432	52	40
1669.854324438	40	35
1671.384320568	28	52
1672.914866822	33	45
1674.4459632	42	43
1675.977609702	40	45
1677.509806328	41	47
1679.042553078	32	33
1680.575849952	43	32
1682.10969695	42	33
1683.644094072	53	34
1685.179041318	41	38
1686.714538688	41	44
1688.250586182	38	38
1689.7871838	35	41
1691.324331542	36	46
1692.862029408	34	38
1694.400277398	46	36
1695.939075512	36	34
1697.47842375	30	30
1699.018322112	35	33
1700.558770598	41	38
1702.099769208	42	31
1703.641317942	35	32
1705.1834168	37	33
1706.726065782	22	40
1708.269264888	40	32
1709.813014118	41	37
1711.357313472	30	29
1712.90216295	34	29
1714.447562552	37	39
1715.993512278	31	29
1717.540012128	28	42
1719.087062102	34	23
1720.6346622	33	32
1722.182812422	40	34
1723.731512768	33	35
1725.280763238	38	34
1726.830563832	34	26
1728.38091455	31	37
1729.931815392	25	32
1731.483266358	40	30
1733.035267448	24	29
1734.587818662	33	28
1736.14092	28	25
1737.694571462	26	30
1739.248773048	20	25
1740.803524758	21	29
1742.358826592	19	36
1743.91467855	32	26
1745.471080632	27	21
1747.028032838	33	30
1748.585535168	26	25
1750.143587622	26	19
1751.7021902	30	35
1753.261342902	29	33
1754.821045728	26	27
1756.381298678	30	40
1757.942101752	27	21
1759.50345495	29	24
1761.065358272	26	32
1762.627811718	25	35
1764.190815288	27	23
1765.754368982	32	30
1767.3184728	31	23
1768.883126742	28	29
1770.448330808	27	30
1772.014084998	27	24
1773.580389312	25	25
1775.14724375	32	33
1776.714648312	28	31
1778.282602998	22	22
1779.851107808	27	32
1781.420162742	22	39
1782.9897678	26	34
1784.559922982	21	28
1786.130628288	23	22
1787.701883718	24	15
1789.273689272	25	30
1790.84604495	31	32
1792.418950752	25	32
1793.992406678	22	25
1795.566412728	36	21
1797.140968902	31	28
1798.7160752	30	24
1800.291731622	23	22
1801.867938168	22	23
1803.444694838	18	29
1805.022001632	29	28
1806.59985855	26	20
1808.178265592	30	24
1809.757222758	25	27
1811.336730048	19	19
1812.916787462	21	21
1814.497395	16	29
1816.078552662	31	24
1817.660260448	27	24
1819.242518358	25	32
1820.825326392	19	19
1822.40868455	30	29
1823.992592832	30	21
1825.577051238	32	30
1827.162059768	31	30
1828.747618422	17	27
1830.3337272	24	16
1831.920386102	21	27
1833.507595128	37	37
1835.095354278	26	16
1836.683663552	33	17
1838.27252295	21	18
1839.861932472	18	31
1841.451892118	32	35
1843.042401888	27	25
1844.633461782	24	19
1846.2250718	19	32
1847.817231942	23	20
1849.409942208	34	20
1851.003202598	28	17
1852.597013112	18	26
1854.19137375	13	25
1855.786284512	26	27
1857.381745398	18	19
1858.977756408	15	23
1860.574317542	24	35
1862.1714288	22	21
1863.769090182	23	24
1865.367301688	21	16
1866.966063318	21	27
1868.565375072	19	17
1870.16523695	12	21
1871.765648952	22	15
1873.366611078	22	24
1874.968123328	24	25
1876.570185702	30	26
1878.1727982	24	24
1879.775960822	26	19
1881.379673568	22	30
1882.983936438	24	26
1884.588749432	26	26
1886.19411255	19	24
1887.800025792	18	15
1889.406489158	17	18
1891.013502648	18	28
1892.621066262	21	33
1894.22918	21	27
1895.837843862	17	19
1897.447057848	24	23
1899.056821958	21	22
1900.667136192	23	30
1902.27800055	16	20
1903.889415032	36	25
1905.501379638	22	22
1907.113894368	31	21
1908.726959222	17	30
1910.3405742	12	24
1911.954739302	23	25
1913.569454528	25	9
1915.184719878	20	12
1916.800535352	28	14
1918.41690095	21	21
1920.033816672	35	17
1921.651282518	22	19
1923.269298488	33	30
1924.887864582	19	21
1926.5069808	19	16
1928.126647142	19	25
1929.746863608	15	22
1931.367630198	25	15
1932.988946912	19	18
1934.61081375	14	25
1936.233230712	12	25
1937.856197798	22	23
1939.479715008	14	20
1941.103782342	19	20
1942.7283998	20	30
1944.353567382	22	18
1945.979285088	17	15
1947.605552918	29	21
1949.232370872	23	26
1950.85973895	32	27
1952.487657152	30	14
1954.116125478	27	14
1955.745143928	21	19
1957.374712502	28	16
1959.0048312	22	19
1960.635500022	15	16
1962.266718968	18	22
1963.898488038	21	16
1965.530807232	15	18
1967.16367655	20	17
1968.797095992	13	20
1970.431065558	21	15
1972.065585248	18	16
1973.700655062	13	25
1975.336275	17	11
1976.972445062	18	16
1978.609165248	15	17
1980.246435558	16	14
1981.884255992	22	23
1983.52262655	14	18
1985.161547232	23	19
1986.801018038	14	17
1988.441038968	8	15
1990.081610022	15	29
1991.7227312	15	10
1993.364402502	13	17
1995.006623928	17	25
1996.649395478	14	14
1998.292717152	25	22
1999.93658895	19	18
2001.581010872	22	32
2003.225982918	18	15
2004.871505088	16	18
2006.517577382	20	16
2008.1641998	9	22
2009.811372342	16	22
2011.459095008	12	17
2013.107367798	19	17
2014.756190712	21	22
2016.40556375	14	13
2018.055486912	12	18
2019.705960198	23	17
2021.356983608	21	13
2023.008557142	19	14
2024.6606808	21	18
2026.313354582	15	13
2027.966578488	19	20
2029.620352518	16	13
2031.274676672	14	14
2032.92955095	27	19
2034.584975352	20	17
2036.240949878	14	12
2037.897474528	18	17
2039.554549302	13	16
2041.2121742	22	15
2042.870349222	21	16
2044.529074368	17	15
2046.188349638	17	18
2047.848175032	15	20
2049.50855055	16	15
2051.169476192	9	27
2052.830951958	11	15
2054.492977848	14	16
2056.155553862	14	21
2057.81868	12	14
2059.482356262	20	13
2061.146582648	19	24
2062.811359158	16	16
2064.476685792	19	17
2066.14256255	21	12
2067.808989432	10	21
2069.475966438	13	18
2071.143493568	24	16
2072.811570822	14	19
2074.4801982	18	18
2076.149375702	11	24
2077.819103328	22	16
2079.489381078	10	20
2081.160208952	18	11
2082.83158695	18	23
2084.503515072	15	18
2086.175993318	18	22
2087.849021688	21	11
2089.522600182	14	13
2091.1967288	11	17
2092.871407542	20	12
2094.546636408	23	9
2096.222415398	11	11
2097.898744512	13	21
2099.57562375	17	13
2101.253053112	19	11
2102.931032598	16	19
2104.609562208	17	26
2106.288641942	20	21
2107.9682718	14	12
2109.648451782	15	14
2111.329181888	16	13
2113.010462118	10	11
2114.692292472	13	17
2116.37467295	14	18
2118.057603552	11	17
2119.741084278	10	13
2121.425115128	16	9
2123.109696102	8	13
2124.7948272	13	12
2126.480508422	17	11
2128.166739768	14	21
2129.853521238	12	15
2131.540852832	10	14
2133.22873455	9	20
2134.917166392	12	16
2136.606148358	15	25
2138.295680448	17	6
2139.985762662	14	14
2141.676395	14	13
2143.367577462	11	11
2145.059310048	15	15
2146.751592758	20	18
2148.444425592	17	17
2150.13780855	14	19
2151.831741632	14	14
2153.526224838	24	16
2155.221258168	19	13
2156.916841622	14	12
2158.6129752	11	13
2160.309658902	18	18
2162.006892728	12	22
2163.704676678	8	10
2165.403010752	23	11
2167.10189495	13	14
2168.801329272	17	24
2170.501313718	15	14
2172.201848288	23	12
2173.902932982	25	20
2175.6045678	6	15
2177.306752742	20	11
2179.009487808	17	16
2180.712772998	20	9
2182.416608312	14	19
2184.12099375	16	18
2185.825929312	9	9
2187.531414998	17	8
2189.237450808	14	10
2190.944036742	12	15
2192.6511728	17	14
2194.358858982	19	15
2196.067095288	18	18
2197.775881718	17	10
2199.485218272	17	24
2201.19510495	12	15
2202.905541752	16	13
2204.616528678	18	20
2206.328065728	20	20
2208.040152902	19	17
2209.7527902	10	20
2211.465977622	18	21
2213.179715168	17	15
2214.894002838	23	19
2216.608840632	18	25
2218.32422855	21	18
2220.040166592	15	16
2221.756654758	17	17
2223.473693048	20	26
2225.191281462	18	18
2226.90942	15	15
2228.628108662	18	9
2230.347347448	17	21
2232.067136358	19	28
2233.787475392	26	17
2235.50836455	10	19
2237.229803832	22	26
2238.951793238	20	14
2240.674332768	18	17
2242.397422422	17	20
2244.1210622	16	15
2245.845252102	22	19
2247.569992128	13	15
2249.295282278	11	21
2251.021122552	19	27
2252.74751295	27	20
2254.474453472	23	13
2256.201944118	20	29
2257.929984888	15	23
2259.658575782	24	25
2261.3877168	19	24
2263.117407942	27	17
2264.847649208	19	18
2266.578440598	23	22
2268.309782112	17	21
2270.04167375	17	18
2271.774115512	27	21
2273.507107398	16	13
2275.240649408	12	17
2276.974741542	20	16
2278.7093838	16	31
2280.444576182	21	21
2282.180318688	29	17
2283.916611318	13	28
2285.653454072	19	17
2287.39084695	22	19
2289.128789952	13	17
2290.867283078	15	16
2292.606326328	29	20
2294.345919702	29	20
2296.0860632	29	20
2297.826756822	23	25
2299.568000568	16	17
2301.309794438	20	28
2303.052138432	22	24
2304.79503255	22	26
2306.538476792	16	20
2308.282471158	21	18
2310.027015648	14	15
2311.772110262	15	25
2313.517755	18	27
2315.263949862	31	27
2317.010694848	15	17
2318.757989958	12	15
2320.505835192	28	19
2322.25423055	19	20
2324.003176032	17	22
2325.752671638	23	18
2327.502717368	21	17
2329.253313222	21	17
2331.0044592	18	21
2332.756155302	15	17
2334.508401528	12	20
2336.261197878	16	16
2338.014544352	22	25
2339.76844095	17	24
2341.522887672	27	16
2343.277884518	23	15
2345.033431488	29	17
2346.789528582	22	14
2348.5461758	37	16
2350.303373142	20	18
2352.061120608	19	19
2353.819418198	21	17
2355.578265912	27	22
2357.33766375	23	17
2359.097611712	29	29
2360.858109798	22	20
2362.619158008	18	14
2364.380756342	19	20
2366.1429048	11	16
2367.905603382	21	22
2369.668852088	26	21
2371.432650918	15	22
2373.196999872	23	21
2374.96189895	16	21
2376.727348152	27	15
2378.493347478	26	20
2380.259896928	13	24
2382.026996502	16	19
2383.7946462	16	18
2385.562846022	13	13
2387.331595968	21	17
2389.100896038	23	19
2390.870746232	15	15
2392.64114655	21	18
2394.412096992	13	17
2396.183597558	18	19
2397.955648248	19	10
2399.728249062	17	16
2401.5014	18	12
2403.275101062	14	16
2405.049352248	23	19
2406.824153558	16	36
2408.599504992	16	13
2410.37540655	21	14
2412.151858232	15	19
2413.928860038	20	17
2415.706411968	17	20
2417.484514022	18	9
2419.2631662	19	23
2421.042368502	19	17
2422.822120928	15	15
2424.602423478	10	21
2426.383276152	15	13
2428.16467895	17	21
2429.946631872	17	17
2431.729134918	13	15
2433.512188088	19	13
2435.295791382	15	15
2437.0799448	14	12
2438.864648342	16	20
2440.649902008	17	19
2442.435705798	14	10
2444.222059712	17	19
2446.00896375	12	12
2447.796417912	18	21
2449.584422198	19	24
2451.372976608	13	17
2453.162081142	11	17
2454.9517358	17	17
2456.741940582	21	15
2458.532695488	20	18
2460.324000518	10	14
2462.115855672	17	14
2463.90826095	12	11
2465.701216352	14	20
2467.494721878	12	21
2469.288777528	15	17
2471.083383302	20	20
2472.8785392	13	20
2474.674245222	9	16
2476.470501368	17	21
2478.267307638	22	18
2480.064664032	19	11
2481.86257055	16	13
2483.661027192	9	14
2485.460033958	13	17
2487.259590848	14	19
2489.059697862	18	16
2490.860355	18	16
2492.661562262	18	11
2494.463319648	18	10
2496.265627158	14	16
2498.068484792	7	18
2499.87189255	11	18
2501.675850432	21	17
2503.480358438	15	16
2505.285416568	14	17
2507.091024822	11	10
2508.8971832	14	16
2510.703891702	20	26
2512.511150328	19	21
2514.318959078	22	16
2516.127317952	16	18
2517.93622695	18	11
2519.745686072	19	11
2521.555695318	15	10
2523.366254688	11	12
2525.177364182	11	11
2526.9890238	16	19
2528.801233542	17	16
2530.613993408	16	19
2532.427303398	14	10
2534.241163512	13	17
2536.05557375	12	20
2537.870534112	11	12
2539.686044598	15	12
2541.502105208	21	11
2543.318715942	17	19
2545.1358768	16	17
2546.953587782	10	16
2548.771848888	13	8
2550.590660118	9	9
2552.410021472	12	11
2554.22993295	12	18
2556.050394552	17	11
2557.871406278	23	21
2559.692968128	11	15
2561.515080102	17	7
2563.3377422	16	10
2565.160954422	10	16
2566.984716768	15	16
2568.809029238	12	18
2570.633891832	15	15
2572.45930455	8	15
2574.285267392	22	12
2576.111780358	15	5
2577.938843448	18	17
2579.766456662	13	15
2581.59462	15	15
2583.423333462	18	9
2585.252597048	7	17
2587.082410758	11	15
2588.912774592	16	8
2590.74368855	15	17
2592.575152632	13	11
2594.407166838	13	16
2596.239731168	10	8
2598.072845622	9	17
2599.9065102	15	13
2601.740724902	15	7
2603.575489728	12	8
2605.410804678	12	12
2607.246669752	20	18
2609.08308495	16	15
2610.920050272	11	13
2612.757565718	17	15
2614.595631288	18	11
2616.434246982	12	9
2618.2734128	11	19
2620.113128742	15	14
2621.953394808	16	9
2623.794210998	13	11
2625.635577312	8	7
2627.47749375	7	7
2629.319960312	15	21
2631.162976998	13	10
2633.006543808	17	11
2634.850660742	12	22
2636.6953278	10	13
2638.540544982	12	11
2640.386312288	11	12
2642.232629718	20	10
2644.079497272	14	5
2645.92691495	15	5
2647.774882752	10	15
2649.623400678	16	7
2651.472468728	8	10
2653.322086902	9	8
2655.1722552	11	11
2657.022973622	5	19
2658.874242168	12	12
2660.726060838	10	16
2662.578429632	4	11
2664.43134855	9	12
2666.284817592	9	10
2668.138836758	15	12
2669.993406048	11	9
2671.848525462	10	12
2673.704195	8	8
2675.560414662	17	7
2677.417184448	14	7
2679.274504358	13	8
2681.132374392	10	14
2682.99079455	8	10
2684.849764832	10	9
2686.709285238	10	10
2688.569355768	12	12
2690.429976422	17	10
2692.2911472	11	12
2694.152868102	4	11
2696.015139128	8	13
2697.877960278	16	7
2699.741331552	8	19
2701.60525295	8	6
2703.469724472	13	9
2705.334746118	8	6
2707.200317888	9	9
2709.066439782	11	10
2710.9331118	15	10
2712.800333942	6	8
2714.668106208	10	10
2716.536428598	8	9
2718.405301112	8	5
2720.27472375	7	17
2722.144696512	11	5
2724.015219398	9	9
2725.886292408	12	9
2727.757915542	6	12
2729.6300888	19	9
2731.502812182	5	7
2733.376085688	7	8
2735.249909318	8	10
2737.124283072	10	6
2738.99920695	11	12
2740.874680952	9	15
2742.750705078	14	10
2744.627279328	8	8
2746.504403702	4	7
2748.3820782	10	6
2750.260302822	6	11
2752.139077568	11	14
2754.018402438	7	10
2755.898277432	12	7
2757.77870255	14	9
2759.659677792	7	16
2761.541203158	7	11
2763.423278648	15	7
2765.305904262	7	6
2767.18908	17	9
2769.072805862	8	8
2770.957081848	10	10
2772.841907958	11	9
2774.727284192	10	12
2776.61321055	7	16
2778.499687032	13	12
2780.386713638	8	15
2782.274290368	7	15
2784.162417222	13	10
2786.0510942	5	5
2787.940321302	10	12
2789.830098528	9	14
2791.720425878	9	11
2793.611303352	6	9
2795.50273095	9	7
2797.394708672	4	8
2799.287236518	13	13
2801.180314488	14	11
2803.073942582	9	8
2804.9681208	14	13
2806.862849142	11	9
2808.758127608	11	7
2810.653956198	6	11
2812.550334912	12	8
2814.44726375	9	7
2816.344742712	6	10
2818.242771798	12	16
2820.141351008	8	13
2822.040480342	7	10
2823.9401598	10	13
2825.840389382	12	12
2827.741169088	10	10
2829.642498918	12	6
2831.544378872	11	7
2833.44680895	18	14
2835.349789152	15	14
2837.253319478	16	12
2839.157399928	13	18
2841.062030502	13	13
2842.9672112	14	12
2844.872942022	16	10
2846.779222968	7	6
2848.686054038	20	15
2850.593435232	17	11
2852.50136655	14	12
2854.409847992	10	13
2856.318879558	16	16
2858.228461248	11	14
2860.138593062	18	12
2862.049275	15	9
2863.960507062	17	16
2865.872289248	14	14
2867.784621558	9	16
2869.697503992	15	12
2871.61093655	21	16
2873.524919232	16	13
2875.439452038	13	10
2877.354534968	20	10
2879.270168022	11	9
2881.1863512	30	15
2883.103084502	17	11
2885.020367928	15	18
2886.938201478	14	16
2888.856585152	13	15
2890.77551895	18	17
2892.695002872	8	16
2894.615036918	21	20
2896.535621088	22	17
2898.456755382	15	19
2900.3784398	15	17
2902.300674342	21	19
2904.223459008	18	15
2906.146793798	18	18
2908.070678712	20	14
2909.99511375	25	17
2911.920098912	19	24
2913.845634198	25	22
2915.771719608	17	17
2917.698355142	26	23
2919.6255408	22	15
2921.553276582	21	23
2923.481562488	29	16
2925.410398518	25	19
2927.339784672	22	18
2929.26972095	16	23
2931.200207352	16	24
2933.131243878	22	27
2935.062830528	20	21
2936.994967302	15	18
2938.9276542	26	30
2940.860891222	21	25
2942.794678368	20	24
2944.729015638	28	19
2946.663903032	25	28
2948.59934055	25	31
2950.535328192	22	27
2952.471865958	19	27
2954.408953848	18	25
2956.346591862	26	18
2958.28478	24	24
2960.223518262	18	32
2962.162806648	32	25
2964.102645158	24	29
2966.043033792	37	24
2967.98397255	33	22
2969.925461432	28	13
2971.867500438	29	29
2973.810089568	27	37
2975.753228822	28	25
2977.6969182	24	18
2979.641157702	20	21
2981.585947328	16	21
2983.531287078	26	19
2985.477176952	19	31
2987.42361695	23	19
2989.370607072	21	26
2991.318147318	30	22
2993.266237688	20	14
2995.214878182	23	21
2997.1640688	21	26
2999.113809542	20	24
3001.064100408	24	25
3003.014941398	18	26
3004.966332512	30	26
3006.91827375	20	23
3008.870765112	30	26
3010.823806598	24	12
3012.777398208	20	24
3014.731539942	17	20
3016.6862318	23	20
3018.641473782	17	23
3020.597265888	20	16
3022.553608118	24	29
3024.510500472	20	22
3026.46794295	30	23
3028.425935552	22	17
3030.384478278	28	15
3032.343571128	22	17
3034.303214102	18	28
3036.2634072	17	22
3038.224150422	24	19
3040.185443768	17	21
3042.147287238	21	27
3044.109680832	16	22
3046.07262455	20	23
3048.036118392	14	19
3050.000162358	21	17
3051.964756448	23	21
3053.929900662	25	6
3055.895595	15	20
3057.861839462	24	20
3059.828634048	20	15
3061.795978758	16	16
3063.763873592	16	14
3065.73231855	23	16
3067.701313632	16	16
3069.670858838	23	23
3071.640954168	15	17
3073.611599622	17	15
3075.5827952	13	13
3077.554540902	17	16
3079.526836728	20	14
3081.499682678	15	16
3083.473078752	13	11
3085.44702495	12	16
3087.421521272	12	16
3089.396567718	16	16
3091.372164288	12	13
3093.348310982	15	16
3095.3250078	12	10
3097.302254742	16	8
3099.280051808	16	15
3101.258398998	9	10
3103.237296312	11	13
3105.21674375	6	9
3107.196741312	16	14
3109.177288998	6	11
3111.158386808	8	15
3113.140034742	10	6
3115.1222328	10	11
3117.104980982	12	12
3119.088279288	8	7
3121.072127718	9	14
3123.056526272	6	9
3125.04147495	14	11
3127.026973752	13	10
3129.013022678	6	11
3130.999621728	10	7
3132.986770902	6	13
3134.9744702	6	7
3136.962719622	10	11
3138.951519168	10	6
3140.940868838	4	12
3142.930768632	12	7
3144.92121855	7	7
3146.912218592	6	2
3148.903768758	5	5
3150.895869048	7	3
3152.888519462	6	5
3154.88172	9	4
3156.875470662	8	5
3158.869771448	9	7
3160.864622358	7	10
3162.860023392	6	9
3164.85597455	8	5
3166.852475832	5	9
3168.849527238	3	7
3170.847128768	3	11
3172.845280422	7	4
3174.8439822	2	7
3176.843234102	9	5
3178.843036128	6	8
3180.843388278	4	3
3182.844290552	8	3
3184.84574295	5	6
3186.847745472	6	11
3188.850298118	7	7
3190.853400888	3	5
3192.857053782	5	5
3194.8612568	4	7
3196.866009942	9	10
3198.871313208	7	3
3200.877166598	4	6
3202.883570112	6	4
3204.89052375	7	10
3206.898027512	2	4
3208.906081398	4	3
3210.914685408	8	3
3212.923839542	7	1
3214.9335438	5	4
3216.943798182	6	7
3218.954602688	5	4
3220.965957318	4	7
3222.977862072	9	4
3224.99031695	10	3
3227.003321952	2	5
3229.016877078	6	4
3231.030982328	3	4
3233.045637702	4	5
3235.0608432	3	4
3237.076598822	8	2
3239.092904568	4	4
3241.109760438	3	9
3243.127166432	0	8
3245.14512255	3	6
3247.163628792	8	2
3249.182685158	4	0
3251.202291648	8	9
3253.222448262	4	6
3255.243155	6	5
3257.264411862	4	9
3259.286218848	4	5
3261.308575958	3	0
3263.331483192	3	1
3265.35494055	6	2
3267.378948032	8	2
3269.403505638	9	5
3271.428613368	5	5
3273.454271222	3	4
3275.4804792	1	3
3277.507237302	2	8
3279.534545528	2	0
3281.562403878	3	2
3283.590812352	4	10
3285.61977095	2	2
3287.649279672	3	5
3289.679338518	4	3
3291.709947488	6	4
3293.741106582	3	3
3295.7728158	6	0
3297.805075142	7	6
3299.837884608	4	5
3301.871244198	3	3
3303.905153912	5	5
3305.93961375	6	2
3307.974623712	5	2
3310.010183798	8	3
3312.046294008	3	3
3314.082954342	3	11
3316.1201648	3	4
3318.157925382	9	3
3320.196236088	4	6
3322.235096918	5	3
3324.274507872	4	3
3326.31446895	3	7
3328.354980152	4	3
3330.396041478	6	1
3332.437652928	7	5
3334.479814502	3	4
3336.5225262	3	2
3338.565788022	1	7
3340.609599968	2	4
3342.653962038	5	4
3344.698874232	3	1
3346.74433655	1	5
3348.790348992	4	3
3350.836911558	2	5
3352.884024248	4	4
3354.931687062	1	3
3356.9799	5	5
3359.028663062	6	4
3361.077976248	3	2
3363.127839558	1	5
3365.178252992	5	4
3367.22921655	6	4
3369.280730232	2	10
3371.332794038	0	3
3373.385407968	6	5
3375.438572022	4	4
3377.4922862	2	6
3379.546550502	2	5
3381.601364928	3	3
3383.656729478	6	6
3385.712644152	5	6
3387.76910895	1	0
3389.826123872	2	3
3391.883688918	2	4
3393.941804088	2	4
3396.000469382	3	2
3398.0596848	5	4
3400.119450342	3	6
3402.179766008	8	3
3404.240631798	3	3
3406.302047712	1	0
3408.36401375	0	1
3410.426529912	3	1
3412.489596198	4	3
3414.553212608	6	4
3416.617379142	5	3
3418.6820958	4	3
3420.747362582	3	3
3422.813179488	3	3
3424.879546518	2	2
3426.946463672	3	1
3429.01393095	3	3
3431.081948352	7	2
3433.150515878	4	2
3435.219633528	5	6
3437.289301302	2	2
3439.3595192	1	1
3441.430287222	0	5
3443.501605368	2	4
3445.573473638	1	5
3447.645892032	4	2
3449.71886055	1	1
3451.792379192	4	1
3453.866447958	3	6
3455.941066848	2	3
3458.016235862	1	1
3460.091955	5	2
3462.168224262	2	4
3464.245043648	1	2
3466.322413158	1	2
3468.400332792	2	1
3470.47880255	2	2
3472.557822432	4	3
3474.637392438	2	2
3476.717512568	5	2
3478.798182822	3	3
3480.8794032	2	1
3482.961173702	3	4
3485.043494328	1	0
3487.126365078	2	2
3489.209785952	3	2
3491.29375695	1	1
3493.378278072	0	4
3495.463349318	1	4
3497.548970688	1	1
3499.635142182	4	2
3501.7218638	1	0
3503.809135542	1	1
3505.896957408	1	2
3507.985329398	1	0
3510.074251512	2	2
3512.16372375	1	0
3514.253746112	0	2
3516.344318598	0	1
3518.435441208	3	2
3520.527113942	0	0
3522.6193368	2	1
3524.712109782	1	2
3526.805432888	2	2
3528.899306118	2	2
3530.993729472	4	0
3533.08870295	1	3
3535.184226552	0	1
3537.280300278	1	2
3539.376924128	0	0
3541.474098102	1	0
3543.5718222	3	0
3545.670096422	2	1
3547.768920768	2	1
3549.868295238	0	0
3551.968219832	4	1
3554.06869455	1	0
3556.169719392	0	1
3558.271294358	0	0
3560.373419448	1	1
3562.476094662	2	2
3564.57932	0	2
3566.683095462	1	2
3568.787421048	0	1
3570.892296758	1	0
3572.997722592	0	0
3575.10369855	0	1
3577.210224632	0	1
3579.317300838	0	2
3581.424927168	0	2
3583.533103622	0	1
3585.6418302	1	3
3587.751106902	0	1
3589.860933728	1	3
3591.971310678	0	0
3594.082237752	0	2
3596.19371495	0	1
3598.305742272	0	0
3600.418319718	0	2
3602.531447288	0	1
3604.645124982	1	1
3606.7593528	1	0
3608.874130742	0	0
3610.989458808	0	1
3613.105336998	0	0
3615.221765312	0	1
3617.33874375	1	1
3619.456272312	1	1
3621.574350998	0	0
3623.692979808	0	1
3625.812158742	0	0
3627.9318878	0	0
3630.052166982	0	0
3632.172996288	0	2
3634.294375718	1	0
3636.416305272	1	1
3638.53878495	2	2
3640.661814752	1	2
3642.785394678	0	0
3644.909524728	1	2
3647.034204902	0	0
3649.1594352	0	1
3651.285215622	0	1
3653.411546168	1	0
3655.538426838	0	1
3657.665857632	0	0
3659.79383855	0	0
3661.922369592	1	0
3664.051450758	0	0
3666.181082048	0	0
3668.311263462	2	0
3670.441995	2	0
3672.573276662	0	1
3674.705108448	1	0
3676.837490358	0	0
3678.970422392	0	0
3681.10390455	0	0
3683.237936832	0	0
3685.372519238	1	0
3687.507651768	1	2
3689.643334422	0	0
3691.7795672	0	0
3693.916350102	0	1
3696.053683128	0	0
3698.191566278	0	0
3700.329999552	0	0
3702.46898295	0	0
3704.608516472	0	0
3706.748600118	0	0
3708.889233888	2	0
3711.030417782	0	0
3713.1721518	1	1
3715.314435942	1	1
3717.457270208	0	0
3719.600654598	0	0
3721.744589112	0	0
3723.88907375	1	0
3726.034108512	0	0
3728.179693398	0	0
3730.325828408	0	0
3732.472513542	0	1
3734.6197488	0	0
3736.767534182	0	0
3738.915869688	0	1
3741.064755318	0	0
3743.214191072	0	0
3745.36417695	0	0
3747.514712952	0	1
3749.665799078	0	0
3751.817435328	0	0
3753.969621702	1	0
3756.1223582	0	0
3758.275644822	0	0
3760.429481568	0	0
3762.583868438	0	0
3764.738805432	1	0
3766.89429255	0	0
3769.050329792	0	1
3771.206917158	0	0
3773.364054648	1	2
3775.521742262	0	1
3777.67998	0	0
3779.838767862	0	0
3781.998105848	0	0
3784.157993958	0	0
3786.318432192	0	0
3788.47942055	1	1
3790.640959032	0	0
3792.803047638	0	0
3794.965686368	0	0
3797.128875222	0	0
3799.2926142	0	0
3801.456903302	1	0
3803.621742528	0	1
3805.787131878	0	0
3807.953071352	0	0
3810.11956095	0	0
3812.286600672	0	0
3814.454190518	1	0
3816.622330488	0	0
3818.791020582	0	0
3820.9602608	0	0
3823.130051142	0	0
3825.300391608	0	1
3827.471282198	0	0
3829.642722912	0	0
3831.81471375	0	0
3833.987254712	0	0
3836.160345798	0	0
3838.333987008	0	0
3840.508178342	0	0
3842.6829198	0	0
3844.858211382	0	0
3847.034053088	0	0
3849.210444918	0	0
3851.387386872	0	1
3853.56487895	0	0
3855.742921152	0	0
3857.921513478	1	0
3860.100655928	1	3
3862.280348502	0	0
3864.4605912	0	0
3866.641384022	0	0
3868.822726968	0	1
3871.004620038	0	0
3873.187063232	1	0
3875.37005655	0	0
3877.553599992	0	0
3879.737693558	0	1
3881.922337248	0	0
3884.107531062	0	0
3886.293275	0	0
3888.479569062	0	0
3890.666413248	0	0
3892.853807558	0	0
3895.041751992	1	1
3897.23024655	0	0
3899.419291232	1	0
3901.608886038	0	0
3903.799030968	0	0
3905.989726022	0	0
3908.1809712	0	1
3910.372766502	0	0
3912.565111928	1	0
3914.758007478	0	0
3916.951453152	0	0
3919.14544895	1	0
3921.339994872	0	0
3923.535090918	0	0
3925.730737088	0	0
3927.926933382	0	1
3930.1236798	0	0
3932.320976342	1	0
3934.518823008	0	0
3936.717219798	0	0
3938.916166712	0	1
3941.11566375	0	0
3943.315710912	0	0
3945.516308198	0	0
3947.717455608	0	0
3949.919153142	0	0
3952.1214008	0	0
3954.324198582	0	0
3956.527546488	1	0
3958.731444518	0	0
3960.935892672	0	0
3963.14089095	0	1
3965.346439352	0	0
3967.552537878	0	0
3969.759186528	0	0
3971.966385302	0	0
3974.1741342	0	0
3976.382433222	0	1
3978.591282368	1	0
3980.800681638	0	0
3983.010631032	0	0
3985.22113055	0	0
3987.432180192	0	0
3989.643779958	0	0
3991.855929848	0	0
3994.068629862	0	0
3996.28188	1	1
3998.495680262	0	1
4000.710030648	0	0
4002.924931158	1	0
4005.140381792	0	0
4007.35638255	2	1
4009.572933432	0	0
4011.790034438	0	0
4014.007685568	0	0
4016.225886822	0	0
4018.4446382	1	1
4020.663939702	0	0
4022.883791328	0	0
4025.104193078	0	0
4027.325144952	0	0
4029.54664695	0	1
4031.768699072	0	0
4033.991301318	0	0
4036.214453688	0	1
4038.438156182	0	0
4040.6624088	0	1
4042.887211542	0	0
4045.112564408	0	1
4047.338467398	0	0
4049.564920512	0	0
4051.79192375	1	0
4054.019477112	0	0
4056.247580598	1	0
4058.476234208	0	0
4060.705437942	0	0
4062.9351918	0	0
4065.165495782	0	0
4067.396349888	0	0
4069.627754118	0	0
4071.859708472	0	0
4074.09221295	0	0
4076.325267552	1	1
4078.558872278	0	0
4080.793027128	0	0
4083.027732102	0	0
4085.2629872	0	0
4087.498792422	0	0
4089.735147768	0	0
4091.972053238	0	1
4094.209508832	0	0
4096.44751455	0	0
4098.686070392	0	0
4100.925176358	0	0
4103.164832448	0	0
4105.405038662	1	0
4107.645795	1	0
4109.887101462	0	0
4112.128958048	1	0
4114.371364758	0	0
4116.614321592	0	0
4118.85782855	0	0
4121.101885632	0	0
4123.346492838	0	0
4125.591650168	0	0
4127.837357622	0	0
4130.0836152	0	0
4132.330422902	0	0
4134.577780728	0	0
4136.825688678	0	0
4139.074146752	0	0
4141.32315495	0	0
4143.572713272	0	0
4145.822821718	0	0
4148.073480288	1	0
4150.324688982	0	0
4152.5764478	0	0
4154.828756742	0	1
4157.081615808	0	1
4159.335024998	0	0
4161.588984312	0	0
4163.84349375	0	0
4166.098553312	0	0
4168.354162998	0	0
4170.610322808	0	1
4172.867032742	0	0
4175.1242928	0	0
4177.382102982	0	0
4179.640463288	1	0
4181.899373718	0	0
4184.158834272	0	0
4186.41884495	0	1
4188.679405752	0	1
4190.940516678	0	0
4193.202177728	0	1
4195.464388902	1	1
4197.7271502	0	0
4199.990461622	0	0
4202.254323168	0	2
4204.518734838	0	0
4206.783696632	0	0
4209.04920855	1	0
4211.315270592	0	0
4213.581882758	0	0
4215.849045048	0	1
4218.116757462	0	1
4220.38502	1	2
4222.653832662	2	0
4224.923195448	1	0
4227.193108358	0	0
4229.463571392	0	0
4231.73458455	0	0
4234.006147832	0	0
4236.278261238	1	1
4238.550924768	0	0
4240.824138422	0	0
4243.0979022	0	0
4245.372216102	0	0
4247.647080128	2	0
4249.922494278	1	0
4252.198458552	0	1
4254.47497295	0	0
4256.752037472	1	0
4259.029652118	0	0
4261.307816888	0	1
4263.586531782	1	0
4265.8657968	1	0
4268.145611942	0	1
4270.425977208	0	0
4272.706892598	1	0
4274.988358112	0	0
4277.27037375	0	0
4279.552939512	0	0
4281.836055398	0	0
4284.119721408	0	0
4286.403937542	1	0
4288.6887038	0	0
4290.974020182	0	0
4293.259886688	0	0
4295.546303318	0	0
4297.833270072	1	0
4300.12078695	1	0
4302.408853952	0	0
4304.697471078	0	0
4306.986638328	0	0
4309.276355702	0	0
4311.5666232	0	0
4313.857440822	0	0
4316.148808568	0	0
4318.440726438	1	0
4320.733194432	0	1
4323.02621255	0	0
4325.319780792	0	0
4327.613899158	0	0
4329.908567648	0	1
4332.203786262	0	0
4334.499555	0	0
4336.795873862	0	0
4339.092742848	0	0
4341.390161958	0	0
4343.688131192	0	0
4345.98665055	1	0
4348.285720032	2	0
4350.585339638	0	1
4352.885509368	0	0
4355.186229222	0	0
4357.4874992	0	0
4359.789319302	0	1
4362.091689528	0	0
4364.394609878	0	0
4366.698080352	0	0
4369.00210095	0	0
4371.306671672	1	0
4373.611792518	0	0
4375.917463488	0	1
4378.223684582	0	0
4380.5304558	1	0
4382.837777142	0	0
4385.145648608	0	0
4387.454070198	0	0
4389.763041912	1	0
4392.07256375	0	0
4394.382635712	0	0
4396.693257798	0	0
4399.004430008	0	0
4401.316152342	1	0
4403.6284248	0	0
4405.941247382	0	0
4408.254620088	0	3
4410.568542918	1	0
4412.883015872	0	1
4415.19803895	0	0
4417.513612152	0	0
4419.829735478	0	0
4422.146408928	0	0
4424.463632502	0	0
4426.7814062	0	0
4429.099730022	1	0
4431.418603968	1	1
4433.738028038	0	0
4436.058002232	0	0
4438.37852655	0	0
4440.699600992	0	0
4443.021225558	0	2
4445.343400248	0	0
4447.666125062	0	0
4449.9894	0	2
4452.313225062	0	2
4454.637600248	1	0
4456.962525558	0	0
4459.288000992	0	0
4461.61402655	0	0
4463.940602232	1	0
4466.267728038	0	0
4468.595403968	0	0
4470.923630022	0	0
4473.2524062	0	0
4475.581732502	0	1
4477.911608928	1	0
4480.242035478	0	0
4482.573012152	0	0
4484.90453895	0	0
4487.236615872	0	1
4489.569242918	0	0
4491.902420088	1	0
4494.236147382	0	0
4496.5704248	0	0
4498.905252342	0	1
4501.240630008	0	0
4503.576557798	0	0
4505.913035712	0	0
4508.25006375	0	0
4510.587641912	0	0
4512.925770198	0	0
4515.264448608	0	0
4517.603677142	1	0
4519.9434558	0	0
4522.283784582	0	0
4524.624663488	0	0
4526.966092518	0	1
4529.308071672	0	0
4531.65060095	1	1
4533.993680352	0	1
4536.337309878	0	1
4538.681489528	0	1
4541.026219302	0	0
4543.3714992	1	0
4545.717329222	0	0
4548.063709368	0	0
4550.410639638	0	0
4552.758120032	0	0
4555.10615055	0	0
4557.454731192	0	0
4559.803861958	0	0
4562.153542848	0	0
4564.503773862	0	0
4566.854555	0	0
4569.205886262	0	0
4571.557767648	1	0
4573.910199158	0	0
4576.263180792	0	0
4578.61671255	0	0
4580.970794432	0	0
4583.325426438	0	0
4585.680608568	0	0
4588.036340822	0	0
4590.3926232	0	0
4592.749455702	0	0
4595.106838328	0	1
4597.464771078	0	0
4599.823253952	0	0
4602.18228695	0	0
4604.541870072	0	0
4606.902003318	0	0
4609.262686688	1	0
4611.623920182	0	0
4613.9857038	0	0
4616.348037542	0	0
4618.710921408	0	0
4621.074355398	0	0
4623.438339512	0	0
4625.80287375	0	1
4628.167958112	0	0
4630.533592598	0	0
4632.899777208	0	0
4635.266511942	0	0
4637.6337968	0	0
4640.001631782	0	0
4642.370016888	0	0
4644.738952118	0	0
4647.108437472	0	0
4649.47847295	0	0
4651.849058552	0	0
4654.220194278	0	0
4656.591880128	0	0
4658.964116102	0	0
4661.3369022	0	0
4663.710238422	0	0
4666.084124768	1	0
4668.458561238	0	0
4670.833547832	0	0
4673.20908455	0	0
4675.585171392	0	0
4677.961808358	0	1
4680.338995448	0	0
4682.716732662	0	0
4685.09502	1	0
4687.473857462	0	0
4689.853245048	0	0
4692.233182758	0	0
4694.613670592	0	0
4696.99470855	0	1
4699.376296632	0	0
4701.758434838	0	0
4704.141123168	0	0
4706.524361622	0	0
4708.9081502	0	0
4711.292488902	0	0
4713.677377728	0	0
4716.062816678	0	0
4718.448805752	0	0
4720.83534495	0	0
4723.222434272	0	0
4725.610073718	0	0
4727.998263288	0	0
4730.387002982	0	0
4732.7762928	0	0
4735.166132742	0	0
4737.556522808	1	0
4739.947462998	0	0
4742.338953312	0	0
4744.73099375	0	1
4747.123584312	0	0
4749.516724998	0	0
4751.910415808	0	0
4754.304656742	0	0
4756.6994478	0	0
4759.094788982	0	0
4761.490680288	0	0
4763.887121718	0	0
4766.284113272	0	0
4768.68165495	1	0
4771.079746752	0	0
4773.478388678	0	0
4775.877580728	0	0
4778.277322902	0	0
4780.6776152	0	0
4783.078457622	0	0
4785.479850168	0	0
4787.881792838	0	0
4790.284285632	0	0
4792.68732855	0	0
4795.090921592	0	1
4797.495064758	1	0
4799.899758048	0	0
4802.305001462	0	0
4804.710795	0	0
4807.117138662	0	0
4809.524032448	0	0
4811.931476358	0	0
4814.339470392	0	0
4816.74801455	0	0
4819.157108832	1	0
4821.566753238	1	0
4823.976947768	1	0
4826.387692422	0	1
4828.7989872	0	0
4831.210832102	0	0
4833.623227128	1	0
4836.036172278	0	0
4838.449667552	0	0
4840.86371295	0	0
4843.278308472	0	0
4845.693454118	0	0
4848.109149888	0	0
4850.525395782	0	0
4852.9421918	0	0
4855.359537942	0	0
4857.777434208	0	0
4860.195880598	0	0
4862.614877112	0	0
4865.03442375	0	0
4867.454520512	0	0
4869.875167398	0	0
4872.296364408	0	0
4874.718111542	0	0
4877.1404088	0	0
4879.563256182	0	0
4881.986653688	0	0
4884.410601318	0	0
4886.835099072	0	0
4889.26014695	0	0
4891.685744952	0	0
4894.111893078	0	0
4896.538591328	0	0
4898.965839702	0	0
4901.3936382	0	0
4903.821986822	1	0
4906.250885568	0	0
4908.680334438	0	0
4911.110333432	0	0
4913.54088255	0	1
4915.971981792	0	0
4918.403631158	0	0
4920.835830648	0	0
4923.268580262	1	0
4925.70188	0	1
4928.135729862	0	0
4930.570129848	0	0
4933.005079958	1	0
4935.440580192	0	0
4937.87663055	0	0
4940.313231032	0	0
4942.750381638	0	0
4945.188082368	0	0
4947.626333222	0	0
4950.0651342	0	0
4952.504485302	0	0
4954.944386528	0	0
4957.384837878	0	0
4959.825839352	1	0
4962.26739095	0	0
4964.709492672	0	0
4967.152144518	0	0
4969.595346488	0	0
4972.039098582	0	0
4974.4834008	0	0
4976.928253142	0	0
4979.373655608	0	0
4981.819608198	0	0
4984.266110912	0	0
4986.71316375	0	0
4989.160766712	0	0
4991.608919798	0	0
4994.057623008	1	0
4996.506876342	0	0
4998.9566798	0	0
5001.407033382	0	0
5003.857937088	0	0
5006.309390918	0	0
5008.761394872	0	0
5011.21394895	0	0
5013.667053152	0	0
5016.120707478	0	2
5018.574911928	0	1
5021.029666502	0	0
5023.4849712	0	0
5025.940826022	0	0
5028.397230968	2	0
5030.854186038	0	0
5033.311691232	0	0
5035.76974655	0	0
5038.228351992	0	0
5040.687507558	1	0
5043.147213248	0	0
5045.607469062	0	0
5048.068275	0	0
5050.529631062	0	0
5052.991537248	0	0
5055.453993558	0	0
5057.916999992	0	0
5060.38055655	0	2
5062.844663232	0	0
5065.309320038	0	0
5067.774526968	1	0
5070.240284022	0	0
5072.7065912	0	0
5075.173448502	0	0
5077.640855928	1	0
5080.108813478	0	0
5082.577321152	0	0
5085.04637895	0	0
5087.515986872	0	0
5089.986144918	0	0
5092.456853088	1	0
5094.928111382	0	0
5097.3999198	0	0
5099.872278342	0	0
5102.345187008	0	0
5104.818645798	0	0
5107.292654712	0	0
5109.76721375	0	0
5112.242322912	0	1
5114.717982198	0	0
5117.194191608	0	0
5119.670951142	0	0
5122.1482608	1	0
5124.626120582	0	0
5127.104530488	0	0
5129.583490518	0	0
5132.063000672	0	0
5134.54306095	0	0
5137.023671352	1	0
5139.504831878	0	0
5141.986542528	0	0
5144.468803302	0	0
5146.9516142	0	0
5149.434975222	0	1
5151.918886368	0	0
5154.403347638	0	0
5156.888359032	0	0
5159.37392055	0	0
5161.860032192	0	0
5164.346693958	0	1
5166.833905848	0	0
5169.321667862	0	0
5171.80998	0	0
5174.298842262	0	0
5176.788254648	0	0
5179.278217158	0	0
5181.768729792	0	0
5184.25979255	0	0
5186.751405432	0	0
5189.243568438	0	0
5191.736281568	0	1
5194.229544822	0	0
5196.7233582	1	0
5199.217721702	0	0
5201.712635328	1	0
5204.208099078	0	0
5206.704112952	0	0
5209.20067695	0	0
5211.697791072	0	0
5214.195455318	0	0
5216.693669688	0	0
5219.192434182	0	0
5221.6917488	0	0
5224.191613542	0	0
5226.692028408	0	0
5229.192993398	0	0
5231.694508512	0	0
5234.19657375	1	0
5236.699189112	0	0
5239.202354598	0	0
5241.706070208	0	0
5244.210335942	0	0
5246.7151518	0	0
5249.220517782	0	0
5251.726433888	0	0
5254.232900118	0	0
5256.739916472	0	0
5259.24748295	0	0
5261.755599552	0	0
5264.264266278	0	0
5266.773483128	0	0
5269.283250102	0	0
5271.7935672	0	0
5274.304434422	0	0
5276.815851768	0	0
5279.327819238	0	0
5281.840336832	1	0
5284.35340455	0	0
5286.867022392	0	0
5289.381190358	0	0
5291.895908448	0	0
5294.411176662	0	0
5296.926995	0	1
5299.443363462	0	0
5301.960282048	0	0
5304.477750758	0	0
5306.995769592	0	0
5309.51433855	0	0
5312.033457632	0	0
5314.553126838	0	0
5317.073346168	0	0
5319.594115622	0	0
5322.1154352	0	0
5324.637304902	1	0
5327.159724728	0	1
5329.682694678	0	0
5332.206214752	0	0
5334.73028495	0	1
5337.254905272	0	0
5339.780075718	0	0
5342.305796288	0	0
5344.832066982	0	0
5347.3588878	0	0
5349.886258742	0	0
5352.414179808	0	0
5354.942650998	0	0
5357.471672312	0	0
5360.00124375	0	0
5362.531365312	0	0
5365.062036998	2	0
5367.593258808	0	0
5370.125030742	0	1
5372.6573528	0	0
5375.190224982	0	0
5377.723647288	0	0
5380.257619718	0	0
5382.792142272	0	0
5385.32721495	0	1
5387.862837752	0	0
5390.399010678	0	0
5392.935733728	0	0
5395.473006902	0	0
5398.0108302	0	0
5400.549203622	0	0
5403.088127168	0	0
5405.627600838	0	0
5408.167624632	0	0
5410.70819855	1	0
5413.249322592	0	0
5415.790996758	0	1
5418.333221048	0	0
5420.875995462	0	0
5423.41932	0	0
5425.963194662	0	0
5428.507619448	0	1
5431.052594358	0	0
5433.598119392	0	0
5436.14419455	0	1
5438.690819832	1	0
5441.237995238	0	0
5443.785720768	0	0
5446.333996422	0	0
5448.8828222	0	0
5451.432198102	0	0
5453.982124128	0	0
5456.532600278	0	0
5459.083626552	0	0
5461.63520295	0	0
5464.187329472	0	0
5466.740006118	0	0
5469.293232888	0	0
5471.847009782	0	0
5474.4013368	0	0
5476.956213942	0	0
5479.511641208	0	0
5482.067618598	0	0
5484.624146112	0	0
5487.18122375	0	1
5489.738851512	1	0
5492.297029398	0	0
5494.855757408	0	0
5497.415035542	0	1
5499.9748638	0	0
5502.535242182	0	0
5505.096170688	0	0
5507.657649318	0	2
5510.219678072	1	0
5512.78225695	1	0
5515.345385952	0	0
5517.909065078	0	0
5520.473294328	0	0
5523.038073702	0	0
5525.6034032	0	0
5528.169282822	0	0
5530.735712568	0	0
5533.302692438	0	0
5535.870222432	0	0
5538.43830255	0	0
5541.006932792	0	0
5543.576113158	0	0
5546.145843648	0	1
5548.716124262	0	1
5551.286955	1	0
5553.858335862	0	0
5556.430266848	1	0
5559.002747958	0	0
5561.575779192	0	0
5564.14936055	0	0
5566.723492032	0	0
5569.298173638	0	0
5571.873405368	0	0
5574.449187222	0	0
5577.0255192	0	0
5579.602401302	0	0
5582.179833528	0	0
5584.757815878	1	1
5587.336348352	0	0
5589.91543095	0	0
5592.495063672	0	0
5595.075246518	0	0
5597.655979488	0	0
5600.237262582	1	0
5602.8190958	0	0
5605.401479142	0	0
5607.984412608	0	0
5610.567896198	0	0
5613.151929912	0	0
5615.73651375	1	0
5618.321647712	0	0
5620.907331798	0	0
5623.493566008	0	0
5626.080350342	0	0
5628.6676848	0	0
5631.255569382	0	1
5633.844004088	1	0
5636.432988918	0	0
5639.022523872	0	0
5641.61260895	0	1
5644.203244152	0	0
5646.794429478	0	0
5649.386164928	0	0
5651.978450502	0	0
5654.5712862	0	0
5657.164672022	1	0
5659.758607968	1	0
5662.353094038	0	0
5664.948130232	0	0
5667.54371655	0	0
5670.139852992	0	0
5672.736539558	0	0
5675.333776248	0	0
5677.931563062	0	0
5680.5299	0	1
5683.128787062	0	0
5685.728224248	0	0
5688.328211558	0	0
5690.928748992	0	0
5693.52983655	0	1
5696.131474232	0	0
5698.733662038	0	0
5701.336399968	0	1
5703.939688022	0	0
5706.5435262	0	0
5709.147914502	0	1
5711.752852928	0	0
5714.358341478	0	0
5716.964380152	0	0
5719.57096895	0	0
5722.178107872	0	0
5724.785796918	0	0
5727.394036088	0	0
5730.002825382	0	0
5732.6121648	0	0
5735.222054342	0	0
5737.832494008	0	0
5740.443483798	0	0
5743.055023712	0	0
5745.66711375	0	1
5748.279753912	0	0
5750.892944198	0	0
5753.506684608	0	0
5756.120975142	0	0
5758.7358158	0	0
5761.351206582	1	0
5763.967147488	0	0
5766.583638518	0	0
5769.200679672	1	0
5771.81827095	0	0
5774.436412352	0	0
5777.055103878	1	0
5779.674345528	0	0
5782.294137302	0	0
5784.9144792	0	0
5787.535371222	1	0
5790.156813368	0	1
5792.778805638	0	0
5795.401348032	0	0
5798.02444055	0	0
5800.648083192	1	0
5803.272275958	0	0
5805.897018848	1	0
5808.522311862	0	0
5811.148155	0	0
5813.774548262	0	0
5816.401491648	0	0
5819.028985158	0	0
5821.657028792	0	0
5824.28562255	0	0
5826.914766432	0	0
5829.544460438	0	0
5832.174704568	0	0
5834.805498822	0	0
5837.4368432	0	1
5840.068737702	0	0
5842.701182328	1	0
5845.334177078	1	0
5847.967721952	0	0
5850.60181695	0	0
5853.236462072	0	0
5855.871657318	0	0
5858.507402688	0	0
5861.143698182	0	0
5863.7805438	0	0
5866.417939542	0	0
5869.055885408	1	0
5871.694381398	0	0
5874.333427512	0	0
5876.97302375	0	0
5879.613170112	0	0
5882.253866598	0	0
5884.895113208	0	0
5887.536909942	0	0
5890.1792568	0	0
5892.822153782	0	0
5895.465600888	0	0
5898.109598118	0	0
5900.754145472	0	0
5903.39924295	0	0
5906.044890552	1	0
5908.691088278	0	1
5911.337836128	0	0
5913.985134102	0	0
5916.6329822	0	0
5919.281380422	0	0
5921.930328768	0	0
5924.579827238	0	0
5927.229875832	0	0
5929.88047455	0	0
5932.531623392	0	0
5935.183322358	0	0
5937.835571448	0	0
5940.488370662	0	0
5943.14172	0	0
5945.795619462	0	0
5948.450069048	0	0
5951.105068758	0	0
5953.760618592	0	0
5956.41671855	0	0
5959.073368632	0	0
5961.730568838	1	0
5964.388319168	0	0
5967.046619622	0	0
5969.7054702	0	0
5972.364870902	0	0
5975.024821728	0	0
5977.685322678	0	0
5980.346373752	0	0
5983.00797495	0	0
5985.670126272	0	0
5988.332827718	0	1
5990.996079288	0	0
5993.659880982	0	0
5996.3242328	0	0
5998.989134742	1	0
6001.654586808	0	1
6004.320588998	0	0
6006.987141312	0	0
6009.65424375	0	0
6012.321896312	0	0
6014.990098998	0	0
6017.658851808	0	0
6020.328154742	0	0
6022.9980078	0	0
6025.668410982	0	1
6028.339364288	0	0
6031.010867718	1	0
6033.682921272	0	0
6036.35552495	0	0
6039.028678752	0	0
6041.702382678	0	1
6044.376636728	0	0
6047.051440902	0	0
6049.7267952	0	0
6052.402699622	0	0
6055.079154168	0	0
6057.756158838	0	0
6060.433713632	0	0
6063.11181855	0	0
6065.790473592	0	1
6068.469678758	0	1
6071.149434048	0	0
6073.829739462	0	0
6076.510595	0	0
6079.192000662	0	0
6081.873956448	0	0
6084.556462358	0	0
6087.239518392	0	0
6089.92312455	0	0
6092.607280832	0	0
6095.291987238	0	0
6097.977243768	0	0
6100.663050422	0	0
6103.3494072	0	0
6106.036314102	0	1
6108.723771128	0	0
6111.411778278	0	0
6114.100335552	0	0
6116.78944295	1	1
6119.479100472	0	0
6122.169308118	0	0
6124.860065888	0	0
6127.551373782	0	0
6130.2432318	0	0
6132.935639942	0	0
6135.628598208	0	0
6138.322106598	0	0
6141.016165112	0	0
6143.71077375	0	0
6146.405932512	0	0
6149.101641398	0	0
6151.797900408	0	0
6154.494709542	0	0
6157.1920688	0	0
6159.889978182	0	0
6162.588437688	0	0
6165.287447318	0	0
6167.987007072	0	0
6170.68711695	0	0
6173.387776952	0	0
6176.088987078	0	0
6178.790747328	0	0
6181.493057702	0	0
6184.1959182	0	0
6186.899328822	1	0
6189.603289568	0	0
6192.307800438	0	0
6195.012861432	0	0
6197.71847255	0	0
6200.424633792	1	0
6203.131345158	0	0
6205.838606648	0	0
6208.546418262	0	1
6211.25478	0	0
6213.963691862	0	0
6216.673153848	0	0
6219.383165958	0	0
6222.093728192	0	0
6224.80484055	0	0
6227.516503032	0	0
6230.228715638	0	0
6232.941478368	0	0
6235.654791222	0	0
6238.3686542	0	0
6241.083067302	0	0
6243.798030528	1	0
6246.513543878	0	0
6249.229607352	1	0
6251.94622095	0	1
6254.663384672	1	0
6257.381098518	0	0
6260.099362488	0	0
6262.818176582	0	0
6265.5375408	1	0
6268.257455142	0	0
6270.977919608	0	1
6273.698934198	0	0
6276.420498912	0	0
6279.14261375	1	0
6281.865278712	0	0
6284.588493798	0	0
6287.312259008	0	0
6290.036574342	0	0
6292.7614398	0	0
6295.486855382	0	0
6298.212821088	1	0
6300.939336918	0	0
6303.666402872	0	0
6306.39401895	0	0
6309.122185152	0	0
6311.850901478	0	0
6314.580167928	0	0
6317.309984502	0	0
6320.0403512	0	1
6322.771268022	1	0
6325.502734968	0	0
6328.234752038	0	0
6330.967319232	0	0
6333.70043655	0	0
6336.434103992	0	0
6339.168321558	0	0
6341.903089248	0	0
6344.638407062	0	0
6347.374275	1	0
6350.110693062	0	0
6352.847661248	0	0
6355.585179558	0	1
6358.323247992	1	1
6361.06186655	0	0
6363.801035232	0	0
6366.540754038	0	0
6369.281022968	0	0
6372.021842022	0	0
6374.7632112	0	0
6377.505130502	0	0
6380.247599928	0	0
6382.990619478	0	0
6385.734189152	0	0
6388.47830895	0	0
6391.222978872	0	0
6393.968198918	0	0
6396.713969088	0	0
6399.460289382	0	0
6402.2071598	1	0
6404.954580342	0	0
6407.702551008	0	0
6410.451071798	0	0
6413.200142712	0	0
6415.94976375	0	0
6418.699934912	0	1
6421.450656198	0	0
6424.201927608	0	0
6426.953749142	2	0
6429.7061208	0	1
6432.459042582	0	0
6435.212514488	0	0
6437.966536518	0	2
6440.721108672	1	0
6443.47623095	0	0
6446.231903352	1	0
6448.988125878	1	0
6451.744898528	1	0
6454.502221302	0	0
6457.2600942	0	0
6460.018517222	0	0
6462.777490368	0	0
6465.537013638	0	0
6468.297087032	0	0
6471.05771055	0	0
6473.818884192	0	0
6476.580607958	0	0
6479.342881848	1	0
6482.105705862	0	0
6484.86908	0	0
6487.633004262	0	0
6490.397478648	0	1
6493.162503158	0	0
6495.928077792	0	0
6498.69420255	0	0
6501.460877432	0	0
6504.228102438	0	0
6506.995877568	0	0
6509.764202822	0	0
6512.5330782	0	0
6515.302503702	1	0
6518.072479328	0	0
6520.843005078	0	0
6523.614080952	0	0
6526.38570695	0	0
6529.157883072	0	0
6531.930609318	1	0
6534.703885688	0	0
6537.477712182	0	0
6540.2520888	0	0
6543.027015542	0	0
6545.802492408	0	0
6548.578519398	0	0
6551.355096512	0	0
6554.13222375	0	0
6556.909901112	0	0
6559.688128598	0	0
6562.466906208	0	1
6565.246233942	0	1
6568.0261118	0	0
6570.806539782	0	0
6573.587517888	0	0
6576.369046118	0	0
6579.151124472	0	0
6581.93375295	0	0
6584.716931552	0	1
6587.500660278	0	0
6590.284939128	0	0
6593.069768102	0	0
6595.8551472	0	0
6598.641076422	0	1
6601.427555768	1	0
6604.214585238	0	0
6607.002164832	0	0
6609.79029455	0	0
6612.578974392	0	0
6615.368204358	0	0
6618.157984448	0	0
6620.948314662	0	0
6623.739195	1	0
6626.530625462	0	0
6629.322606048	0	0
6632.115136758	0	0
6634.908217592	1	0
6637.70184855	0	0
6640.496029632	0	0
6643.290760838	0	0
6646.086042168	0	1
6648.881873622	0	0
6651.6782552	0	0
6654.475186902	0	0
6657.272668728	0	1
6660.070700678	0	0
6662.869282752	0	0
6665.66841495	0	0
6668.468097272	0	0
6671.268329718	0	1
6674.069112288	0	0
6676.870444982	0	0
6679.6723278	0	0
6682.474760742	0	0
6685.277743808	0	1
6688.081276998	1	0
6690.885360312	0	0
6693.68999375	0	0
6696.495177312	0	0
6699.300910998	0	1
6702.107194808	0	0
6704.914028742	1	0
6707.7214128	0	0
6710.529346982	0	0
6713.337831288	0	0
6716.146865718	0	0
6718.956450272	0	0
6721.76658495	0	0
6724.577269752	0	0
6727.388504678	0	0
6730.200289728	0	0
6733.012624902	0	0
6735.8255102	0	0
6738.638945622	0	0
6741.452931168	0	0
6744.267466838	0	0
6747.082552632	0	0
6749.89818855	0	0
6752.714374592	0	0
6755.531110758	0	0
6758.348397048	0	0
6761.166233462	0	0
6763.98462	0	1
6766.803556662	0	0
6769.623043448	0	0
6772.443080358	0	0
6775.263667392	1	1
6778.08480455	0	0
6780.906491832	0	0
6783.728729238	0	1
6786.551516768	0	0
6789.374854422	0	0
6792.1987422	0	0
6795.023180102	0	0
6797.848168128	0	0
6800.673706278	1	0
6803.499794552	0	0
6806.32643295	0	0
6809.153621472	0	0
6811.981360118	0	0
6814.809648888	1	1
6817.638487782	0	0
6820.4678768	0	0
6823.297815942	0	0
6826.128305208	0	0
6828.959344598	0	1
6831.790934112	0	0
6834.62307375	0	0
6837.455763512	0	1
6840.289003398	0	0
6843.122793408	1	0
6845.957133542	0	0
6848.7920238	0	1
6851.627464182	0	0
6854.463454688	0	0
6857.299995318	0	0
6860.137086072	0	0
6862.97472695	0	0
6865.812917952	0	0
6868.651659078	0	0
6871.490950328	0	0
6874.330791702	0	0
6877.1711832	0	0
6880.012124822	0	0
6882.853616568	0	0
6885.695658438	0	0
6888.538250432	0	0
6891.38139255	0	0
6894.225084792	0	0
6897.069327158	0	0
6899.914119648	0	0
6902.759462262	0	0
6905.605355	0	1
6908.451797862	0	0
6911.298790848	0	0
6914.146333958	0	0
6916.994427192	0	0
6919.84307055	0	0
6922.692264032	0	0
6925.542007638	0	0
6928.392301368	0	0
6931.243145222	0	0
6934.0945392	0	0
6936.946483302	0	0
6939.798977528	0	0
6942.652021878	0	1
6945.505616352	0	0
6948.35976095	0	0
6951.214455672	0	0
6954.069700518	0	0
6956.925495488	0	0
6959.781840582	0	0
6962.6387358	0	0
6965.496181142	0	0
6968.354176608	0	0
6971.212722198	0	0
6974.071817912	0	0
6976.93146375	0	0
6979.791659712	0	1
6982.652405798	0	0
6985.513702008	0	0
6988.375548342	0	0
6991.2379448	1	0
6994.100891382	0	0
6996.964388088	0	0
6999.828434918	0	0
7002.693031872	0	0
7005.55817895	0	0
7008.423876152	0	0
7011.290123478	0	0
7014.156920928	0	0
7017.024268502	0	0
7019.8921662	0	0
7022.760614022	0	0
7025.629611968	0	0
7028.499160038	0	0
7031.369258232	0	1
7034.23990655	0	0
7037.111104992	0	0
7039.982853558	0	0
7042.855152248	0	0
7045.728001062	0	0
7048.6014	0	0
7051.475349062	0	0
7054.349848248	0	0
7057.224897558	0	0
7060.100496992	0	0
7062.97664655	0	1
7065.853346232	0	0
7068.730596038	0	0
7071.608395968	0	0
7074.486746022	1	1
7077.3656462	0	0
7080.245096502	0	1
7083.125096928	0	0
7086.005647478	0	0
7088.886748152	0	0
7091.76839895	0	0
7094.650599872	0	0
7097.533350918	0	0
7100.416652088	0	2
7103.300503382	0	0
7106.1849048	0	0
7109.069856342	0	0
7111.955358008	0	0
7114.841409798	0	0
7117.728011712	0	0
7120.61516375	0	0
7123.502865912	1	0
7126.391118198	0	0
7129.279920608	0	0
7132.169273142	0	0
7135.0591758	0	0
7137.949628582	0	0
7140.840631488	1	0
7143.732184518	0	0
7146.624287672	0	0
7149.51694095	0	2
7152.410144352	0	0
7155.303897878	0	0
7158.198201528	0	0
7161.093055302	0	0
7163.9884592	0	0
7166.884413222	0	0
7169.780917368	0	0
7172.677971638	0	0
7175.575576032	0	0
7178.47373055	0	0
7181.372435192	0	0
7184.271689958	0	0
7187.171494848	0	0
7190.071849862	1	0
7192.972755	0	0
7195.874210262	1	0
7198.776215648	1	0
7201.678771158	0	0
7204.581876792	0	0
7207.48553255	1	0
7210.389738432	0	0
7213.294494438	0	0
7216.199800568	0	0
7219.105656822	1	0
7222.0120632	0	0
7224.919019702	0	0
7227.826526328	0	1
7230.734583078	0	1
7233.643189952	0	0
7236.55234695	0	0
7239.462054072	0	1
7242.372311318	0	0
7245.283118688	0	1
7248.194476182	0	0
7251.1063838	0	0
7254.018841542	1	1
7256.931849408	0	0
7259.845407398	0	0
7262.759515512	0	0
7265.67417375	0	0
7268.589382112	0	0
7271.505140598	0	0
7274.421449208	0	0
7277.338307942	1	0
7280.2557168	0	0
7283.173675782	0	0
7286.092184888	0	0
7289.011244118	0	0
7291.930853472	0	0
7294.85101295	0	0
7297.771722552	0	0
7300.692982278	0	0
7303.614792128	0	0
7306.537152102	0	0
7309.4600622	0	0
7312.383522422	0	0
7315.307532768	0	0
7318.232093238	0	0
7321.157203832	0	0
7324.08286455	0	0
7327.009075392	0	0
7329.935836358		
7332.863147448		
7335.791008662		
7338.71942		
7341.648381462		
7344.577893048		
7347.507954758		
7350.438566592		
7353.36972855		
7356.301440632		
7359.233702838		
7362.166515168		
7365.099877622		
7368.0337902		
