5.14045	0
5.9166	0
6.69277	0
7.46897	0
8.24518	0
9.02143	0
9.79769	0
10.57398	0
11.35029	0
12.12663	0
12.90299	0
13.67937	0
14.45578	0
15.23221	0
16.00866	0
16.78514	0
17.56164	0
18.33816	0
19.11471	0
19.89128	0
20.66788	0
21.44449	0
22.22114	0
22.9978	0
23.77449	0
24.5512	0
25.32794	0
26.1047	0
26.88148	0
27.65829	0
28.43512	0
29.21198	0
29.98885	0
30.76575	0
31.54268	0
32.31963	0
33.0966	0
33.87359	0
34.65061	0
35.42766	0
36.20472	0
36.98181	0
37.75893	0
38.53606	0
39.31322	0
40.09041	0
40.86761	0
41.64484	0
42.4221	0
43.19938	0
43.97668	0
44.754	0
45.53135	0
46.30873	0
47.08612	0
47.86354	0
48.64098	0
49.41845	0
50.19594	0
50.97345	0
51.75099	0
52.52855	0
53.30614	0
54.08374	0
54.86138	0
55.63903	0
56.41671	0
57.19441	0
57.97214	0
58.74989	0
59.52766	0
60.30546	0
61.08328	0
61.86112	0
62.63899	0
63.41688	0
64.19479	0
64.97273	7
65.75069	112
66.52867	875
67.30668	1313
68.08472	1307
68.86277	1277
69.64085	1304
70.41895	1287
71.19708	1351
71.97523	1420
72.7534	1525
73.5316	1439
74.30982	1568
75.08806	1522
75.86633	1613
76.64462	1641
77.42294	1746
78.20127	2555
78.97964	3762
79.75802	4467
80.53643	4145
81.31486	2906
82.09332	1888
82.8718	1567
83.6503	1444
84.42883	1477
85.20738	1504
85.98595	1500
86.76455	1471
87.54317	1586
88.32182	1618
89.10048	1615
89.87917	1534
90.65789	1543
91.43663	1551
92.21539	1595
92.99418	1645
93.77299	1545
94.55182	1583
95.33068	1600
96.10956	1505
96.88846	1640
97.66739	1653
98.44634	1689
99.22531	1676
100.00431	1698
100.78333	1673
101.56238	1656
102.34144	1608
103.12054	1592
103.89965	1645
104.67879	1634
105.45795	1645
106.23714	1656
107.01635	1684
107.79558	1659
108.57484	1668
109.35412	1748
110.13342	1716
110.91275	1688
111.6921	1690
112.47148	1649
113.25088	1659
114.0303	1724
114.80974	1659
115.58921	1694
116.36871	1716
117.14822	1674
117.92776	1682
118.70732	1652
119.48691	1692
120.26652	1740
121.04616	1726
121.82581	1625
122.60549	1711
123.3852	1667
124.16493	1699
124.94468	1639
125.72445	1612
126.50425	1666
127.28407	1716
128.06392	1708
128.84379	1737
129.62368	1560
130.4036	1604
131.18354	1586
131.9635	1659
132.74349	1612
133.5235	1660
134.30354	1686
135.08359	1726
135.86368	1658
136.64378	1579
137.42391	1613
138.20406	1605
138.98424	1641
139.76444	1574
140.54466	1651
141.32491	1595
142.10518	1590
142.88547	1608
143.66579	1488
144.44613	1550
145.22649	1542
146.00688	1538
146.78729	1603
147.56772	1500
148.34818	1640
149.12866	1581
149.90917	1505
150.6897	1594
151.47025	1529
152.25083	1593
153.03143	1552
153.81205	1556
154.5927	1556
155.37337	1462
156.15406	1515
156.93478	1489
157.71552	1465
158.49629	1538
159.27707	1581
160.05789	1559
160.83872	1523
161.61958	1514
162.40046	1472
163.18137	1479
163.9623	1371
164.74325	1356
165.52423	1366
166.30523	1359
167.08625	1327
167.8673	1336
168.64837	1311
169.42946	1396
170.21058	1301
170.99172	1335
171.77289	1390
172.55408	1314
173.33529	1293
174.11653	1336
174.89779	1282
175.67907	1292
176.46038	1243
177.24171	1267
178.02306	1258
178.80444	1284
179.58584	1261
180.36726	1357
181.14871	1229
181.93018	1294
182.71168	1233
183.49319	1321
184.27474	1288
185.0563	1285
185.83789	1297
186.6195	1308
187.40114	1281
188.1828	1298
188.96448	1310
189.74619	1207
190.52792	1215
191.30967	1251
192.09145	1238
192.87325	1235
193.65508	1233
194.43693	1181
195.2188	1207
196.00069	1217
196.78261	1215
197.56456	1140
198.34652	1173
199.12851	1165
199.91052	1207
200.69256	1209
201.47462	1183
202.25671	1108
203.03881	1073
203.82094	1162
204.6031	1127
205.38528	1081
206.16748	1135
206.9497	1087
207.73195	1015
208.51422	1099
209.29652	1105
210.07884	1117
210.86118	1072
211.64355	1000
212.42594	1032
213.20835	1041
213.99079	972
214.77325	1024
215.55574	1044
216.33824	971
217.12078	1003
217.90333	932
218.68591	937
219.46851	997
220.25114	1034
221.03379	954
221.81646	955
222.59916	970
223.38188	986
224.16462	897
224.94739	898
225.73018	964
226.51299	913
227.29583	845
228.07869	900
228.86158	898
229.64448	877
230.42742	869
231.21037	869
231.99335	836
232.77635	878
233.55938	895
234.34243	806
235.1255	781
235.9086	857
236.69172	917
237.47486	1149
238.25803	1368
239.04122	1454
239.82444	1281
240.60768	1027
241.39094	839
242.17422	853
242.95753	810
243.74086	769
244.52422	695
245.3076	739
246.091	723
246.87443	689
247.65788	687
248.44135	688
249.22485	691
250.00837	691
250.79192	685
251.57548	720
252.35908	678
253.14269	640
253.92633	704
254.70999	675
255.49368	682
256.27739	632
257.06112	698
257.84488	687
258.62866	689
259.41246	619
260.19629	703
260.98014	644
261.76401	682
262.54791	679
263.33183	652
264.11578	617
264.89974	650
265.68374	644
266.46775	662
267.25179	608
268.03585	635
268.81994	699
269.60405	650
270.38818	623
271.17234	680
271.95652	632
272.74073	655
273.52495	625
274.3092	666
275.09348	802
275.87778	1188
276.6621	1402
277.44645	1331
278.23081	1042
279.01521	749
279.79962	608
280.58406	574
281.36853	561
282.15301	592
282.93752	593
283.72206	576
284.50661	552
285.2912	581
286.0758	562
286.86043	578
287.64508	593
288.42976	567
289.21445	546
289.99918	532
290.78392	529
291.56869	532
292.35348	539
293.1383	545
293.92314	567
294.70801	578
295.49289	662
296.2778	681
297.06274	616
297.8477	547
298.63268	538
299.41768	578
300.20271	618
300.98776	762
301.77284	1163
302.55794	1892
303.34306	2289
304.12821	2135
304.91338	1410
305.69857	804
306.48379	588
307.26903	523
308.05429	479
308.83958	449
309.62489	487
310.41023	505
311.19559	436
311.98097	488
312.76637	471
313.5518	483
314.33725	461
315.12273	460
315.90823	479
316.69375	456
317.4793	492
318.26487	460
319.05047	469
319.83608	488
320.62172	443
321.40739	464
322.19308	494
322.97879	505
323.76452	511
324.55028	474
325.33607	461
326.12187	511
326.9077	496
327.69355	521
328.47943	524
329.26533	536
330.05126	483
330.8372	468
331.62317	456
332.40917	491
333.19519	485
333.98123	444
334.76729	462
335.55338	437
336.33949	470
337.12563	471
337.91179	548
338.69797	601
339.48418	615
340.27041	536
341.05666	464
341.84294	455
342.62924	461
343.41556	410
344.20191	430
344.98828	415
345.77468	435
346.5611	434
347.34754	435
348.13401	436
348.92049	444
349.70701	437
350.49354	466
351.2801	543
352.06669	633
352.85329	629
353.63992	713
354.42658	1024
355.21326	2398
355.99996	4443
356.78668	5784
357.57343	4983
358.3602	2954
359.147	1217
359.93382	488
360.72066	415
361.50753	408
362.29442	395
363.08133	380
363.86827	405
364.65523	369
365.44221	397
366.22922	407
367.01625	394
367.8033	367
368.59038	373
369.37748	375
370.16461	378
370.95176	347
371.73893	377
372.52612	384
373.31334	384
374.10059	402
374.88785	354
375.67514	355
376.46246	328
377.2498	314
378.03716	376
378.82454	382
379.61195	383
380.39938	363
381.18684	404
381.97431	416
382.76182	531
383.54934	800
384.33689	1073
385.12446	1112
385.91206	939
386.69968	564
387.48732	387
388.27499	360
389.06268	365
389.8504	353
390.63813	371
391.42589	406
392.21368	347
393.00149	352
393.78932	354
394.57718	354
395.36506	329
396.15296	367
396.94088	364
397.72883	335
398.51681	368
399.3048	371
400.09282	345
400.88087	356
401.66894	374
402.45703	367
403.24514	365
404.03328	360
404.82144	360
405.60963	336
406.39784	347
407.18607	356
407.97432	374
408.7626	401
409.55091	404
410.33923	392
411.12758	404
411.91596	384
412.70436	333
413.49278	356
414.28122	354
415.06969	371
415.85818	308
416.6467	343
417.43523	371
418.2238	376
419.01238	370
419.80099	380
420.58963	348
421.37828	336
422.16696	326
422.95567	349
423.74439	379
424.53314	361
425.32192	360
426.11072	360
426.89954	362
427.68838	372
428.47725	368
429.26614	393
430.05506	325
430.844	383
431.63296	335
432.42195	359
433.21096	382
433.99999	387
434.78905	354
435.57813	355
436.36723	368
437.15636	373
437.94551	361
438.73469	384
439.52388	393
440.31311	341
441.10235	408
441.89162	363
442.68091	399
443.47023	388
444.25957	365
445.04893	339
445.83832	356
446.62773	363
447.41716	404
448.20662	373
448.9961	364
449.78561	374
450.57513	372
451.36469	414
452.15426	396
452.94386	424
453.73348	400
454.52313	347
455.3128	385
456.10249	382
456.89221	414
457.68195	391
458.47171	407
459.2615	370
460.05131	392
460.84114	349
461.631	380
462.42088	420
463.21079	441
464.00072	515
464.79067	417
465.58065	400
466.37065	376
467.16067	391
467.95071	394
468.74078	453
469.53088	403
470.321	400
471.11114	393
471.9013	397
472.69149	346
473.4817	352
474.27193	381
475.06219	356
475.85247	375
476.64278	352
477.43311	328
478.22346	339
479.01384	334
479.80424	273
480.59466	301
481.38511	301
482.17558	269
482.96607	301
483.75659	275
484.54713	282
485.3377	250
486.12828	228
486.9189	256
487.70953	268
488.50019	325
489.29087	247
490.08158	273
490.87231	266
491.66306	278
492.45384	241
493.24464	254
494.03546	254
494.82631	236
495.61718	230
496.40808	253
497.19899	260
497.98994	277
498.7809	224
499.57189	209
500.3629	225
501.15394	223
501.945	239
502.73608	222
503.52719	237
504.31832	262
505.10947	214
505.90065	223
506.69185	232
507.48307	244
508.27432	206
509.06559	239
509.85689	242
510.64821	344
511.43955	361
512.23091	359
513.0223	318
513.81372	281
514.60515	251
515.39661	187
516.18809	196
516.9796	216
517.77113	213
518.56269	202
519.35426	214
520.14587	195
520.93749	205
521.72914	201
522.52081	177
523.31251	175
524.10423	206
524.89597	184
525.68773	187
526.47952	198
527.27134	212
528.06317	198
528.85503	163
529.64692	184
530.43883	209
531.23076	186
532.02271	177
532.81469	164
533.60669	183
534.39872	190
535.19077	177
535.98284	182
536.77493	167
537.56705	174
538.3592	170
539.15136	173
539.94355	183
540.73577	188
541.528	166
542.32027	166
543.11255	160
543.90486	151
544.69719	139
545.48954	162
546.28192	162
547.07433	179
547.86675	127
548.6592	177
549.45167	140
550.24417	160
551.03669	151
551.82923	144
552.6218	124
553.41439	136
554.20701	144
554.99964	133
555.7923	159
556.58499	149
557.3777	140
558.17043	118
558.96319	154
559.75596	133
560.54877	144
561.34159	170
562.13444	147
562.92732	137
563.72021	152
564.51313	162
565.30608	152
566.09905	146
566.89204	129
567.68505	119
568.47809	147
569.27115	143
570.06424	132
570.85735	149
571.65048	158
572.44363	136
573.23681	137
574.03002	138
574.82324	142
575.61649	138
576.40977	130
577.20307	142
577.99639	140
578.78973	143
579.5831	138
580.37649	155
581.16991	165
581.96335	185
582.75681	308
583.55029	476
584.3438	467
585.13734	445
585.93089	307
586.72447	154
587.51808	151
588.3117	113
589.10535	112
589.89903	119
590.69273	114
591.48645	135
592.28019	130
593.07396	125
593.86775	138
594.66157	129
595.45541	112
596.24927	134
597.04316	123
597.83707	127
598.631	120
599.42496	128
600.21894	139
601.01294	141
601.80697	141
602.60102	125
603.3951	113
604.18919	126
604.98332	121
605.77746	115
606.57163	123
607.36582	129
608.16004	153
608.95428	205
609.74854	291
610.54283	328
611.33714	286
612.13147	188
612.92583	177
613.72021	136
614.51462	113
615.30905	125
616.1035	103
616.89797	121
617.69247	121
618.48699	121
619.28154	125
620.07611	126
620.8707	128
621.66532	91
622.45996	110
623.25462	135
624.04931	101
624.84402	115
625.63876	112
626.43351	98
627.2283	101
628.0231	114
628.81793	121
629.61278	129
630.40766	119
631.20256	111
631.99748	104
632.79243	105
633.5874	111
634.38239	110
635.17741	138
635.97245	117
636.76751	103
637.5626	109
638.35771	112
639.15285	100
639.948	106
640.74319	113
641.53839	112
642.33362	115
643.12887	123
643.92415	107
644.71945	113
645.51477	101
646.31012	104
647.10549	102
647.90088	103
648.6963	112
649.49174	105
650.28721	118
651.0827	120
651.87821	109
652.67374	99
653.4693	123
654.26489	115
655.06049	111
655.85612	123
656.65177	113
657.44745	127
658.24315	145
659.03888	374
659.83462	1339
660.63039	3709
661.42619	7319
662.22201	9674
663.01785	9160
663.81371	5676
664.6096	2340
665.40551	662
666.20145	171
666.99741	99
667.79339	96
668.5894	71
669.38543	90
670.18148	79
670.97756	73
671.77366	83
672.56979	88
673.36593	80
674.1621	83
674.9583	89
675.75452	76
676.55076	63
677.34703	80
678.14332	97
678.93963	81
679.73596	81
680.53232	79
681.32871	66
682.12511	63
682.92155	81
683.718	87
684.51448	63
685.31098	54
686.1075	73
686.90405	82
687.70062	55
688.49722	89
689.29384	75
690.09048	76
690.88715	86
691.68384	69
692.48055	67
693.27729	79
694.07405	77
694.87083	78
695.66764	82
696.46447	58
697.26132	78
698.0582	88
698.8551	70
699.65203	70
700.44898	87
701.24595	71
702.04295	70
702.83997	71
703.63701	78
704.43408	93
705.23117	75
706.02828	76
706.82542	62
707.62258	85
708.41976	83
709.21697	59
710.0142	85
710.81146	68
711.60874	64
712.40604	80
713.20336	64
714.00071	71
714.79809	61
715.59548	70
716.3929	67
717.19035	70
717.98781	59
718.78531	70
719.58282	68
720.38036	88
721.17792	68
721.9755	68
722.77311	75
723.57074	72
724.3684	66
725.16608	68
725.96378	72
726.76151	112
727.55926	144
728.35703	135
729.15483	126
729.95265	116
730.75049	81
731.54836	61
732.34625	57
733.14417	56
733.9421	64
734.74007	63
735.53805	62
736.33606	62
737.13409	48
737.93215	67
738.73023	74
739.52833	47
740.32646	70
741.12461	73
741.92278	60
742.72098	59
743.5192	73
744.31745	76
745.11571	68
745.91401	61
746.71232	62
747.51066	66
748.30902	72
749.10741	61
749.90582	55
750.70425	75
751.50271	56
752.30119	58
753.09969	64
753.89822	72
754.69677	78
755.49534	76
756.29394	77
757.09256	70
757.89121	78
758.68988	51
759.48857	53
760.28728	60
761.08602	62
761.88479	57
762.68357	70
763.48238	65
764.28122	55
765.08007	88
765.87895	66
766.67786	45
767.47679	78
768.27574	85
769.07471	74
769.87371	79
770.67273	63
771.47178	66
772.27085	69
773.06994	74
773.86906	63
774.6682	75
775.46736	60
776.26655	59
777.06576	47
777.86499	45
778.66425	56
779.46353	51
780.26283	54
781.06216	64
781.86151	48
782.66089	70
783.46029	63
784.25971	76
785.05916	68
785.85863	77
786.65812	71
787.45764	75
788.25718	80
789.05674	63
789.85633	58
790.65594	60
791.45557	67
792.25523	65
793.05491	57
793.85462	79
794.65435	97
795.4541	90
796.25387	124
797.05367	93
797.8535	68
798.65334	43
799.45321	55
800.25311	44
801.05302	48
801.85296	47
802.65293	59
803.45292	64
804.25293	56
805.05296	59
805.85302	60
806.6531	50
807.45321	69
808.25334	57
809.05349	44
809.85367	53
810.65387	60
811.45409	53
812.25434	68
813.05461	51
813.8549	60
814.65522	59
815.45556	41
816.25593	52
817.05631	56
817.85673	58
818.65716	46
819.45762	53
820.2581	48
821.05861	47
821.85914	50
822.65969	52
823.46027	41
824.26087	58
825.06149	47
825.86214	50
826.66281	46
827.46351	64
828.26422	47
829.06496	53
829.86573	64
830.66652	64
831.46733	64
832.26817	64
833.06903	55
833.86991	52
834.67082	73
835.47175	68
836.2727	82
837.07368	72
837.87468	65
838.6757	46
839.47675	54
840.27782	55
841.07892	68
841.88004	61
842.68118	60
843.48234	56
844.28353	50
845.08475	45
845.88598	45
846.68724	41
847.48853	43
848.28983	45
849.09116	42
849.89252	46
850.6939	56
851.4953	44
852.29672	48
853.09817	44
853.89964	40
854.70114	43
855.50266	39
856.3042	58
857.10577	48
857.90735	55
858.70897	53
859.51061	70
860.31227	98
861.11395	84
861.91566	91
862.71739	75
863.51914	43
864.32092	51
865.12272	61
865.92455	47
866.7264	46
867.52827	53
868.33017	43
869.13209	57
869.93403	37
870.73599	52
871.53799	45
872.34	52
873.14204	35
873.9441	39
874.74618	47
875.54829	52
876.35042	52
877.15258	61
877.95476	50
878.75696	48
879.55918	61
880.36143	49
881.16371	38
881.966	42
882.76832	50
883.57067	39
884.37303	41
885.17542	53
885.97784	56
886.78028	49
887.58274	44
888.38522	50
889.18773	49
889.99026	37
890.79282	53
891.5954	25
892.398	53
893.20063	47
894.00328	44
894.80595	41
895.60865	33
896.41137	45
897.21411	49
898.01688	44
898.81967	53
899.62249	35
900.42532	37
901.22819	46
902.03107	42
902.83398	64
903.63691	51
904.43987	68
905.24285	61
906.04585	46
906.84888	45
907.65193	43
908.455	50
909.2581	92
910.06122	165
910.86437	263
911.66753	342
912.47073	336
913.27394	205
914.07718	127
914.88044	69
915.68373	55
916.48704	34
917.29037	44
918.09373	42
918.89711	28
919.70051	46
920.50394	44
921.30739	42
922.11086	34
922.91436	48
923.71788	34
924.52143	37
925.325	49
926.12859	46
926.9322	38
927.73584	53
928.53951	40
929.34319	37
930.1469	35
930.95064	36
931.75439	37
932.55817	39
933.36198	60
934.16581	46
934.96966	47
935.77353	50
936.57743	39
937.38135	46
938.1853	37
938.98927	43
939.79326	31
940.59728	33
941.40132	56
942.20538	53
943.00947	42
943.81358	37
944.61771	33
945.42187	29
946.22605	42
947.03025	46
947.83448	49
948.63873	65
949.44301	50
950.24731	51
951.05163	44
951.85598	53
952.66035	35
953.46474	30
954.26916	42
955.0736	42
955.87806	38
956.68255	47
957.48706	41
958.29159	40
959.09615	44
959.90073	43
960.70534	42
961.50997	41
962.31462	38
963.11929	59
963.92399	87
964.72872	85
965.53346	90
966.33823	85
967.14303	109
967.94784	145
968.75268	188
969.55755	198
970.36244	163
971.16735	116
971.97228	69
972.77724	59
973.58222	52
974.38723	35
975.19226	46
975.99731	38
976.80239	33
977.60749	35
978.41261	46
979.21776	50
980.02293	51
980.82812	37
981.63334	24
982.43858	30
983.24385	32
984.04913	43
984.85445	37
985.65978	38
986.46514	47
987.27052	38
988.07593	31
988.88136	48
989.68681	48
990.49229	33
991.29779	42
992.10331	41
992.90886	33
993.71443	33
994.52003	37
995.32565	38
996.13129	37
996.93695	30
997.74264	43
998.54835	43
999.35409	39
1000.15985	44
1000.96563	50
1001.77144	40
1002.57727	45
1003.38312	35
1004.189	36
1004.9949	45
1005.80082	37
1006.60677	30
1007.41274	42
1008.21874	39
1009.02476	46
1009.8308	29
1010.63687	40
1011.44296	33
1012.24907	52
1013.0552	33
1013.86136	39
1014.66755	45
1015.47375	46
1016.27999	35
1017.08624	45
1017.89252	38
1018.69882	30
1019.50514	35
1020.31149	37
1021.11786	39
1021.92426	43
1022.73068	39
1023.53712	49
1024.34359	48
1025.15008	24
1025.95659	30
1026.76313	36
1027.56969	24
1028.37627	41
1029.18288	31
1029.98951	43
1030.79617	37
1031.60284	37
1032.40955	42
1033.21627	41
1034.02302	40
1034.82979	43
1035.63659	30
1036.44341	39
1037.25025	33
1038.05712	42
1038.86401	29
1039.67092	51
1040.47786	35
1041.28482	48
1042.0918	33
1042.89881	36
1043.70584	40
1044.5129	43
1045.31998	46
1046.12708	37
1046.93421	21
1047.74136	31
1048.54853	37
1049.35573	38
1050.16295	39
1050.97019	40
1051.77746	31
1052.58475	31
1053.39206	39
1054.1994	29
1055.00676	40
1055.81415	48
1056.62155	38
1057.42899	34
1058.23644	43
1059.04392	37
1059.85142	40
1060.65895	30
1061.4665	41
1062.27407	28
1063.08167	41
1063.88929	40
1064.69694	38
1065.5046	35
1066.31229	33
1067.12001	35
1067.92775	41
1068.73551	52
1069.54329	36
1070.3511	44
1071.15894	37
1071.96679	38
1072.77467	36
1073.58258	45
1074.3905	37
1075.19845	36
1076.00643	28
1076.81442	37
1077.62244	40
1078.43049	37
1079.23856	44
1080.04665	52
1080.85476	47
1081.6629	33
1082.47107	29
1083.27925	34
1084.08746	32
1084.89569	36
1085.70395	37
1086.51223	42
1087.32053	29
1088.12886	37
1088.93721	36
1089.74559	36
1090.55399	48
1091.36241	35
1092.17085	26
1092.97932	42
1093.78781	39
1094.59633	38
1095.40487	45
1096.21343	52
1097.02202	31
1097.83063	44
1098.63926	40
1099.44792	48
1100.2566	38
1101.0653	29
1101.87403	36
1102.68278	38
1103.49156	45
1104.30036	37
1105.10918	36
1105.91802	48
1106.72689	30
1107.53578	32
1108.3447	41
1109.15364	27
1109.9626	30
1110.77159	37
1111.5806	44
1112.38964	38
1113.19869	27
1114.00777	39
1114.81688	30
1115.62601	35
1116.43516	34
1117.24433	47
1118.05353	61
1118.86276	70
1119.672	104
1120.48127	100
1121.29056	83
1122.09988	71
1122.90922	50
1123.71859	47
1124.52797	31
1125.33738	40
1126.14682	40
1126.95628	33
1127.76576	30
1128.57526	37
1129.38479	34
1130.19434	38
1131.00392	39
1131.81352	23
1132.62314	41
1133.43279	41
1134.24246	35
1135.05215	35
1135.86187	45
1136.67161	19
1137.48137	45
1138.29116	42
1139.10097	40
1139.91081	31
1140.72067	34
1141.53055	33
1142.34046	25
1143.15038	42
1143.96034	44
1144.77031	30
1145.58031	39
1146.39034	34
1147.20038	35
1148.01045	44
1148.82055	40
1149.63067	31
1150.44081	41
1151.25097	48
1152.06116	32
1152.87137	34
1153.68161	46
1154.49187	48
1155.30215	41
1156.11246	44
1156.92279	47
1157.73314	34
1158.54352	38
1159.35392	32
1160.16434	40
1160.97479	46
1161.78526	47
1162.59575	35
1163.40627	30
1164.21681	35
1165.02738	36
1165.83797	43
1166.64858	40
1167.45922	37
1168.26988	40
1169.08056	40
1169.89126	52
1170.702	43
1171.51275	34
1172.32353	49
1173.13433	29
1173.94515	42
1174.756	32
1175.56687	35
1176.37777	35
1177.18868	39
1177.99963	42
1178.81059	40
1179.62158	39
1180.43259	60
1181.24363	49
1182.05469	38
1182.86577	43
1183.67688	45
1184.48801	32
1185.29917	36
1186.11034	38
1186.92155	33
1187.73277	38
1188.54402	42
1189.35529	44
1190.16659	34
1190.97791	50
1191.78925	45
1192.60061	38
1193.412	44
1194.22342	52
1195.03486	49
1195.84632	39
1196.6578	37
1197.46931	44
1198.28084	39
1199.09239	44
1199.90397	27
1200.71557	40
1201.5272	39
1202.33885	46
1203.15052	30
1203.96222	37
1204.77394	48
1205.58568	45
1206.39745	45
1207.20924	31
1208.02105	37
1208.83289	45
1209.64475	33
1210.45663	44
1211.26854	38
1212.08047	39
1212.89243	35
1213.70441	40
1214.51641	40
1215.32843	33
1216.14048	41
1216.95256	37
1217.76465	44
1218.57677	44
1219.38892	49
1220.20108	38
1221.01327	33
1221.82549	45
1222.63773	44
1223.44999	35
1224.26227	35
1225.07458	42
1225.88691	44
1226.69927	34
1227.51165	43
1228.32405	43
1229.13648	36
1229.94893	40
1230.7614	54
1231.5739	39
1232.38642	42
1233.19896	58
1234.01153	40
1234.82412	41
1235.63674	48
1236.44938	51
1237.26204	66
1238.07472	62
1238.88743	60
1239.70016	68
1240.51292	35
1241.3257	40
1242.1385	33
1242.95133	33
1243.76418	42
1244.57705	36
1245.38995	33
1246.20287	33
1247.01582	32
1247.82879	29
1248.64178	42
1249.45479	36
1250.26783	28
1251.08089	41
1251.89398	26
1252.70709	29
1253.52022	25
1254.33338	36
1255.14656	42
1255.95976	30
1256.77299	33
1257.58624	45
1258.39952	38
1259.21281	32
1260.02614	38
1260.83948	24
1261.65285	31
1262.46624	35
1263.27966	25
1264.0931	27
1264.90656	35
1265.72005	15
1266.53356	37
1267.34709	27
1268.16065	23
1268.97423	41
1269.78783	29
1270.60146	26
1271.41511	17
1272.22879	22
1273.04248	22
1273.85621	35
1274.66995	31
1275.48372	34
1276.29751	26
1277.11133	30
1277.92517	28
1278.73903	36
1279.55292	31
1280.36683	40
1281.18076	37
1281.99472	33
1282.8087	27
1283.62271	27
1284.43674	35
1285.25079	28
1286.06486	23
1286.87896	25
1287.69309	35
1288.50723	22
1289.3214	23
1290.13559	31
1290.94981	32
1291.76405	28
1292.57832	23
1293.3926	33
1294.20691	25
1295.02125	27
1295.83561	29
1296.64999	20
1297.46439	24
1298.27882	26
1299.09327	20
1299.90775	28
1300.72225	18
1301.53677	25
1302.35132	27
1303.16589	21
1303.98048	20
1304.7951	20
1305.60974	23
1306.42441	27
1307.23909	22
1308.0538	20
1308.86854	19
1309.6833	28
1310.49808	22
1311.31289	24
1312.12772	27
1312.94257	26
1313.75744	19
1314.57234	33
1315.38727	28
1316.20221	24
1317.01719	25
1317.83218	20
1318.6472	31
1319.46224	24
1320.2773	32
1321.09239	22
1321.9075	29
1322.72264	32
1323.5378	23
1324.35298	24
1325.16819	21
1325.98342	22
1326.79867	35
1327.61395	17
1328.42925	28
1329.24457	11
1330.05992	19
1330.87529	17
1331.69068	22
1332.5061	17
1333.32154	24
1334.13701	15
1334.9525	24
1335.76801	26
1336.58355	17
1337.39911	28
1338.21469	19
1339.0303	29
1339.84593	23
1340.66158	24
1341.47726	20
1342.29296	17
1343.10868	19
1343.92443	12
1344.7402	25
1345.556	24
1346.37182	18
1347.18766	12
1348.00352	19
1348.81941	16
1349.63533	10
1350.45126	13
1351.26722	20
1352.08321	19
1352.89921	27
1353.71524	19
1354.5313	15
1355.34738	14
1356.16348	10
1356.9796	14
1357.79575	15
1358.61192	18
1359.42812	16
1360.24434	15
1361.06058	16
1361.87685	24
1362.69314	21
1363.50945	16
1364.32579	15
1365.14215	15
1365.95853	17
1366.77494	18
1367.59137	18
1368.40783	18
1369.2243	23
1370.04081	23
1370.85733	10
1371.67388	17
1372.49045	11
1373.30705	24
1374.12367	19
1374.94031	20
1375.75698	25
1376.57367	37
1377.39038	22
1378.20712	24
1379.02388	22
1379.84066	21
1380.65747	11
1381.4743	16
1382.29116	21
1383.10804	19
1383.92494	16
1384.74187	21
1385.55882	14
1386.37579	20
1387.19279	17
1388.00981	17
1388.82685	12
1389.64392	20
1390.46101	15
1391.27812	16
1392.09526	16
1392.91242	13
1393.72961	14
1394.54681	16
1395.36405	19
1396.1813	18
1396.99858	14
1397.81588	20
1398.63321	15
1399.45056	28
1400.26793	31
1401.08533	20
1401.90275	16
1402.7202	22
1403.53766	15
1404.35516	23
1405.17267	24
1405.99021	18
1406.80777	14
1407.62536	17
1408.44297	18
1409.2606	8
1410.07825	20
1410.89593	13
1411.71364	16
1412.53136	15
1413.34911	13
1414.16689	21
1414.98469	15
1415.80251	21
1416.62035	9
1417.43822	13
1418.25611	16
1419.07403	22
1419.89197	16
1420.70993	16
1421.52791	7
1422.34592	10
1423.16396	15
1423.98201	18
1424.80009	23
1425.6182	14
1426.43632	14
1427.25448	10
1428.07265	16
1428.89085	15
1429.70907	12
1430.52731	19
1431.34558	21
1432.16388	13
1432.98219	15
1433.80053	25
1434.61889	21
1435.43728	14
1436.25569	21
1437.07412	8
1437.89258	22
1438.71106	15
1439.52957	14
1440.34809	14
1441.16665	16
1441.98522	15
1442.80382	16
1443.62244	14
1444.44109	12
1445.25976	13
1446.07845	15
1446.89716	20
1447.7159	17
1448.53467	15
1449.35345	22
1450.17227	20
1450.9911	18
1451.80996	14
1452.62884	17
1453.44774	22
1454.26667	21
1455.08562	59
1455.9046	118
1456.7236	200
1457.54262	414
1458.36167	592
1459.18074	786
1459.99983	833
1460.81895	598
1461.63809	360
1462.45725	159
1463.27644	50
1464.09565	32
1464.91488	10
1465.73414	11
1466.55342	7
1467.37273	14
1468.19206	6
1469.01141	13
1469.83078	6
1470.65018	13
1471.46961	7
1472.28905	13
1473.10852	6
1473.92802	12
1474.74753	9
1475.56708	10
1476.38664	10
1477.20623	9
1478.02584	9
1478.84547	8
1479.66513	11
1480.48482	14
1481.30452	6
1482.12425	6
1482.944	16
1483.76378	12
1484.58358	8
1485.4034	5
1486.22325	12
1487.04312	3
1487.86301	7
1488.68293	16
1489.50287	12
1490.32284	13
1491.14283	13
1491.96284	11
1492.78287	18
1493.60293	17
1494.42302	14
1495.24312	18
1496.06325	12
1496.88341	7
1497.70358	10
1498.52378	14
1499.34401	4
1500.16425	20
1500.98453	15
1501.80482	10
1502.62514	15
1503.44548	12
1504.26585	10
1505.08623	16
1505.90665	17
1506.72708	19
1507.54754	18
1508.36803	18
1509.18853	14
1510.00906	10
1510.82962	9
1511.65019	16
1512.47079	11
1513.29142	12
1514.11207	10
1514.93274	8
1515.75343	8
1516.57415	4
1517.39489	14
1518.21566	10
1519.03645	11
1519.85726	11
1520.6781	14
1521.49896	3
1522.31984	8
1523.14075	7
1523.96168	9
1524.78263	8
1525.60361	9
1526.42461	11
1527.24564	13
1528.06669	13
1528.88776	14
1529.70886	9
1530.52997	8
1531.35112	8
1532.17228	7
1532.99347	11
1533.81469	12
1534.63592	6
1535.45718	12
1536.27847	9
1537.09978	7
1537.92111	16
1538.74246	9
1539.56384	15
1540.38524	13
1541.20667	13
1542.02812	12
1542.84959	6
1543.67108	11
1544.4926	9
1545.31415	6
1546.13571	6
1546.9573	3
1547.77892	5
1548.60056	4
1549.42222	4
1550.2439	8
1551.06561	11
1551.88734	5
1552.7091	6
1553.53088	11
1554.35268	8
1555.1745	13
1555.99635	6
1556.81823	8
1557.64012	8
1558.46204	10
1559.28399	10
1560.10595	6
1560.92794	2
1561.74996	8
1562.572	7
1563.39406	4
1564.21614	4
1565.03825	12
1565.86038	8
1566.68254	6
1567.50472	8
1568.32692	6
1569.14915	8
1569.9714	8
1570.79367	5
1571.61597	11
1572.43829	11
1573.26063	8
1574.083	9
1574.90539	9
1575.72781	10
1576.55025	7
1577.37271	8
1578.19519	13
1579.0177	11
1579.84024	4
1580.66279	19
1581.48537	15
1582.30797	9
1583.1306	14
1583.95325	15
1584.77593	27
1585.59862	40
1586.42134	40
1587.24409	41
1588.06686	33
1588.88965	37
1589.71246	24
1590.5353	41
1591.35817	34
1592.18105	27
1593.00396	18
1593.82689	14
1594.64985	14
1595.47283	10
1596.29584	10
1597.11886	13
1597.94191	8
1598.76499	10
1599.58809	5
1600.41121	8
1601.23435	6
1602.05752	14
1602.88071	7
1603.70393	6
1604.52717	11
1605.35043	6
1606.17372	17
1606.99703	5
1607.82036	5
1608.64372	6
1609.4671	8
1610.2905	6
1611.11393	8
1611.93738	5
1612.76086	5
1613.58436	8
1614.40788	3
1615.23143	8
1616.05499	15
1616.87859	18
1617.7022	10
1618.52584	16
1619.34951	14
1620.17319	12
1620.9969	16
1621.82064	11
1622.6444	7
1623.46818	3
1624.29198	5
1625.11581	13
1625.93966	4
1626.76354	23
1627.58744	14
1628.41136	18
1629.23531	24
1630.05927	17
1630.88327	7
1631.70728	11
1632.53133	3
1633.35539	9
1634.17948	3
1635.00359	12
1635.82772	14
1636.65188	10
1637.47606	9
1638.30027	5
1639.1245	5
1639.94875	4
1640.77302	8
1641.59732	10
1642.42165	7
1643.24599	9
1644.07036	4
1644.89476	8
1645.71917	10
1646.54362	12
1647.36808	7
1648.19257	2
1649.01708	6
1649.84161	7
1650.66617	14
1651.49076	3
1652.31536	10
1653.13999	5
1653.96464	5
1654.78932	8
1655.61402	9
1656.43874	6
1657.26349	5
1658.08826	9
1658.91305	11
1659.73787	12
1660.56271	10
1661.38758	8
1662.21247	12
1663.03738	6
1663.86231	11
1664.68727	11
1665.51226	9
1666.33726	6
1667.16229	9
1667.98735	6
1668.81242	7
1669.63752	9
1670.46265	6
1671.28779	8
1672.11297	7
1672.93816	8
1673.76338	12
1674.58862	9
1675.41389	4
1676.23917	12
1677.06449	8
1677.88982	14
1678.71518	5
1679.54057	3
1680.36597	12
1681.1914	7
1682.01686	9
1682.84233	5
1683.66783	8
1684.49336	10
1685.31891	13
1686.14448	5
1686.97007	5
1687.79569	8
1688.62134	4
1689.447	7
1690.27269	9
1691.0984	6
1691.92414	4
1692.7499	2
1693.57568	12
1694.40149	7
1695.22732	5
1696.05318	6
1696.87905	6
1697.70495	3
1698.53088	5
1699.35683	6
1700.1828	6
1701.0088	4
1701.83482	14
1702.66086	7
1703.48692	5
1704.31301	11
1705.13913	8
1705.96526	12
1706.79143	7
1707.61761	11
1708.44382	7
1709.27005	5
1710.0963	9
1710.92258	10
1711.74888	6
1712.57521	7
1713.40156	9
1714.22793	3
1715.05433	5
1715.88075	7
1716.70719	8
1717.53366	9
1718.36015	7
1719.18666	7
1720.0132	8
1720.83976	6
1721.66634	6
1722.49295	7
1723.31958	6
1724.14624	5
1724.97292	9
1725.79962	11
1726.62635	15
1727.4531	12
1728.27987	23
1729.10666	9
1729.93349	6
1730.76033	4
1731.5872	5
1732.41409	8
1733.241	9
1734.06794	9
1734.8949	5
1735.72189	9
1736.54889	5
1737.37593	8
1738.20298	6
1739.03006	3
1739.85716	6
1740.68429	10
1741.51144	6
1742.33861	6
1743.16581	2
1743.99303	10
1744.82028	6
1745.64754	4
1746.47484	6
1747.30215	4
1748.12949	12
1748.95685	3
1749.78424	6
1750.61165	10
1751.43908	6
1752.26653	5
1753.09401	9
1753.92152	2
1754.74904	5
1755.57659	6
1756.40417	10
1757.23177	5
1758.05939	5
1758.88703	13
1759.7147	28
1760.54239	24
1761.37011	44
1762.19785	39
1763.02561	47
1763.8534	32
1764.6812	32
1765.50904	11
1766.33689	10
1767.16477	8
1767.99268	1
1768.82061	6
1769.64856	12
1770.47653	5
1771.30453	7
1772.13255	7
1772.9606	8
1773.78867	7
1774.61676	9
1775.44487	11
1776.27301	12
1777.10118	7
1777.92936	2
1778.75757	4
1779.58581	11
1780.41406	9
1781.24234	8
1782.07065	2
1782.89898	5
1783.72733	6
1784.5557	6
1785.3841	8
1786.21252	8
1787.04097	10
1787.86944	7
1788.69793	4
1789.52645	9
1790.35499	5
1791.18355	8
1792.01214	7
1792.84075	6
1793.66938	9
1794.49804	7
1795.32672	4
1796.15543	6
1796.98415	3
1797.81291	2
1798.64168	6
1799.47048	8
1800.2993	4
1801.12815	9
1801.95702	14
1802.78591	6
1803.61483	7
1804.44377	4
1805.27273	7
1806.10172	3
1806.93073	12
1807.75977	6
1808.58882	7
1809.41791	7
1810.24701	4
1811.07614	9
1811.90529	7
1812.73447	6
1813.56367	5
1814.39289	5
1815.22214	5
1816.05141	7
1816.8807	3
1817.71002	10
1818.53936	4
1819.36872	5
1820.19811	5
1821.02752	7
1821.85696	8
1822.68642	6
1823.5159	8
1824.34541	7
1825.17493	10
1826.00449	3
1826.83406	6
1827.66366	9
1828.49329	5
1829.32293	10
1830.15261	6
1830.9823	5
1831.81202	5
1832.64176	12
1833.47152	4
1834.30131	8
1835.13112	5
1835.96096	6
1836.79082	4
1837.6207	10
1838.45061	8
1839.28054	5
1840.11049	10
1840.94047	7
1841.77047	8
1842.60049	8
1843.43054	17
1844.26061	6
1845.09071	20
1845.92082	14
1846.75097	16
1847.58113	7
1848.41132	13
1849.24153	8
1850.07177	3
1850.90203	4
1851.73231	7
1852.56262	2
1853.39295	5
1854.2233	3
1855.05368	5
1855.88408	7
1856.7145	4
1857.54495	4
1858.37542	11
1859.20592	3
1860.03644	8
1860.86698	11
1861.69755	6
1862.52814	3
1863.35875	4
1864.18939	8
1865.02005	11
1865.85073	2
1866.68144	6
1867.51217	4
1868.34292	9
1869.1737	3
1870.0045	6
1870.83533	7
1871.66617	6
1872.49705	9
1873.32794	6
1874.15886	8
1874.9898	6
1875.82077	6
1876.65176	6
1877.48277	4
1878.31381	6
1879.14487	8
1879.97596	4
1880.80706	3
1881.63819	8
1882.46935	8
1883.30053	6
1884.13173	5
1884.96295	5
1885.7942	8
1886.62548	8
1887.45677	8
1888.28809	5
1889.11944	7
1889.9508	6
1890.78219	4
1891.61361	7
1892.44504	5
1893.27651	7
1894.10799	5
1894.9395	4
1895.77103	6
1896.60259	7
1897.43416	9
1898.26577	4
1899.09739	6
1899.92904	6
1900.76071	3
1901.59241	3
1902.42413	11
1903.25588	5
1904.08764	11
1904.91943	5
1905.75125	10
1906.58309	11
1907.41495	9
1908.24683	4
1909.07874	7
1909.91067	6
1910.74263	5
1911.57461	6
1912.40661	8
1913.23864	7
1914.07069	4
1914.90276	11
1915.73486	7
1916.56698	4
1917.39912	6
1918.23129	6
1919.06348	10
1919.8957	1
1920.72794	13
1921.5602	3
1922.39248	8
1923.22479	4
1924.05713	3
1924.88948	6
1925.72186	4
1926.55426	4
1927.38669	4
1928.21914	4
1929.05162	7
1929.88411	7
1930.71663	7
1931.54918	5
1932.38175	9
1933.21434	4
1934.04696	6
1934.87959	6
1935.71226	6
1936.54494	10
1937.37765	6
1938.21039	7
1939.04314	8
1939.87592	7
1940.70873	6
1941.54155	4
1942.3744	7
1943.20728	7
1944.04018	5
1944.8731	8
1945.70604	5
1946.53901	5
1947.37201	4
1948.20502	5
1949.03806	8
1949.87112	7
1950.70421	7
1951.53732	6
1952.37045	9
1953.20361	8
1954.03679	5
1954.87	7
1955.70322	5
1956.53648	9
1957.36975	4
1958.20305	8
1959.03637	7
1959.86972	7
1960.70309	8
1961.53648	3
1962.36989	7
1963.20333	7
1964.0368	8
1964.87029	8
1965.7038	5
1966.53733	7
1967.37089	9
1968.20447	4
1969.03807	5
1969.8717	5
1970.70535	5
1971.53903	6
1972.37273	5
1973.20645	5
1974.0402	8
1974.87397	6
1975.70776	7
1976.54158	7
1977.37542	4
1978.20928	12
1979.04317	6
1979.87708	8
1980.71101	1
1981.54497	7
1982.37895	2
1983.21296	6
1984.04699	6
1984.88104	5
1985.71512	2
1986.54922	5
1987.38334	3
1988.21749	5
1989.05166	4
1989.88585	8
1990.72007	4
1991.55431	5
1992.38857	9
1993.22286	10
1994.05717	7
1994.89151	8
1995.72587	6
1996.56025	7
1997.39465	4
1998.22908	6
1999.06354	4
1999.89801	3
2000.73251	6
2001.56704	6
2002.40158	7
2003.23615	9
2004.07075	14
2004.90537	7
2005.74001	10
2006.57467	4
2007.40936	4
2008.24407	4
2009.07881	4
2009.91357	6
2010.74835	9
2011.58316	9
2012.41799	4
2013.25284	13
2014.08772	4
2014.92262	2
2015.75754	10
2016.59249	9
2017.42746	4
2018.26246	8
2019.09747	8
2019.93252	8
2020.76758	6
2021.60267	4
2022.43778	5
2023.27292	4
2024.10808	9
2024.94326	7
2025.77847	6
2026.6137	6
2027.44895	4
2028.28423	4
2029.11953	2
2029.95485	7
2030.7902	7
2031.62557	5
2032.46097	7
2033.29639	14
2034.13183	10
2034.9673	7
2035.80279	3
2036.6383	6
2037.47384	5
2038.3094	3
2039.14498	8
2039.98059	7
2040.81622	4
2041.65187	5
2042.48755	3
2043.32325	6
2044.15898	4
2044.99472	5
2045.8305	4
2046.66629	7
2047.50211	7
2048.33795	6
2049.17382	8
2050.00971	8
2050.84562	5
2051.68156	10
2052.51752	7
2053.35351	4
2054.18951	6
2055.02554	4
2055.8616	7
2056.69768	8
2057.53378	5
2058.36991	7
2059.20605	4
2060.04223	9
2060.87842	8
2061.71464	6
2062.55089	5
2063.38715	8
2064.22344	10
2065.05976	8
2065.8961	8
2066.73246	5
2067.56884	9
2068.40525	11
2069.24168	5
2070.07814	6
2070.91461	5
2071.75112	9
2072.58764	4
2073.42419	5
2074.26077	5
2075.09736	11
2075.93398	5
2076.77063	3
2077.60729	7
2078.44398	8
2079.2807	5
2080.11744	2
2080.9542	8
2081.79098	9
2082.62779	5
2083.46462	2
2084.30148	4
2085.13836	6
2085.97526	9
2086.81219	5
2087.64914	8
2088.48611	8
2089.32311	5
2090.16013	9
2090.99717	4
2091.83424	12
2092.67133	6
2093.50845	3
2094.34559	2
2095.18275	9
2096.01994	7
2096.85714	12
2097.69438	20
2098.53163	18
2099.36891	24
2100.20622	28
2101.04354	28
2101.88089	34
2102.71827	26
2103.55567	19
2104.39309	12
2105.23053	13
2106.068	6
2106.90549	6
2107.74301	8
2108.58055	6
2109.41811	7
2110.25569	3
2111.0933	3
2111.93094	2
2112.76859	8
2113.60627	9
2114.44398	9
2115.28171	10
2116.11946	7
2116.95723	9
2117.79503	12
2118.63285	9
2119.4707	10
2120.30857	6
2121.14646	5
2121.98437	5
2122.82231	5
2123.66028	5
2124.49826	7
2125.33627	3
2126.17431	4
2127.01236	4
2127.85044	8
2128.68855	6
2129.52668	8
2130.36483	6
2131.203	5
2132.0412	8
2132.87942	5
2133.71767	5
2134.55594	17
2135.39423	9
2136.23255	7
2137.07089	8
2137.90925	6
2138.74764	7
2139.58605	2
2140.42448	4
2141.26294	7
2142.10142	10
2142.93993	6
2143.77846	6
2144.61701	5
2145.45558	3
2146.29418	5
2147.1328	9
2147.97145	4
2148.81012	12
2149.64881	7
2150.48753	10
2151.32627	10
2152.16503	8
2153.00382	5
2153.84263	6
2154.68147	1
2155.52033	8
2156.35921	6
2157.19811	5
2158.03704	5
2158.87599	7
2159.71497	4
2160.55397	7
2161.39299	4
2162.23204	5
2163.07111	5
2163.9102	7
2164.74932	3
2165.58846	7
2166.42763	9
2167.26681	8
2168.10603	6
2168.94526	7
2169.78452	7
2170.6238	5
2171.46311	12
2172.30244	6
2173.14179	4
2173.98117	5
2174.82057	6
2175.65999	13
2176.49944	6
2177.33891	5
2178.1784	6
2179.01792	8
2179.85746	5
2180.69703	9
2181.53662	5
2182.37623	5
2183.21586	8
2184.05552	5
2184.8952	3
2185.73491	3
2186.57464	5
2187.41439	4
2188.25417	4
2189.09397	5
2189.9338	4
2190.77364	11
2191.61351	7
2192.45341	6
2193.29333	6
2194.13327	4
2194.97323	3
2195.81322	9
2196.65324	10
2197.49327	10
2198.33333	17
2199.17342	14
2200.01352	26
2200.85365	15
2201.69381	16
2202.53398	17
2203.37418	15
2204.21441	5
2205.05466	12
2205.89493	7
2206.73522	6
2207.57554	4
2208.41589	11
2209.25625	9
2210.09664	4
2210.93705	7
2211.77749	1
2212.61795	8
2213.45843	9
2214.29894	6
2215.13947	6
2215.98003	11
2216.8206	8
2217.66121	7
2218.50183	6
2219.34248	5
2220.18315	4
2221.02385	9
2221.86457	6
2222.70531	9
2223.54608	4
2224.38687	6
2225.22768	5
2226.06852	7
2226.90938	2
2227.75026	12
2228.59117	7
2229.4321	7
2230.27306	14
2231.11403	11
2231.95504	3
2232.79606	10
2233.63711	7
2234.47818	5
2235.31928	6
2236.1604	4
2237.00154	7
2237.84271	7
2238.6839	5
2239.52511	13
2240.36635	7
2241.20761	3
2242.0489	3
2242.8902	2
2243.73154	2
2244.57289	2
2245.41427	7
2246.25567	4
2247.0971	5
2247.93855	7
2248.78002	13
2249.62152	10
2250.46304	8
2251.30458	3
2252.14615	4
2252.98774	6
2253.82936	4
2254.67099	8
2255.51265	1
2256.35434	11
2257.19605	11
2258.03778	4
2258.87954	3
2259.72132	4
2260.56312	10
2261.40495	6
2262.2468	10
2263.08867	8
2263.93057	9
2264.77249	4
2265.61443	9
2266.4564	6
2267.29839	4
2268.14041	10
2268.98244	9
2269.82451	7
2270.66659	7
2271.5087	7
2272.35083	5
2273.19299	5
2274.03517	5
2274.87737	5
2275.7196	10
2276.56185	11
2277.40412	8
2278.24642	12
2279.08874	12
2279.93109	8
2280.77346	6
2281.61585	6
2282.45826	8
2283.3007	6
2284.14317	3
2284.98565	10
2285.82816	8
2286.67069	7
2287.51325	6
2288.35583	6
2289.19844	12
2290.04106	9
2290.88371	10
2291.72639	3
2292.56909	4
2293.41181	7
2294.25455	6
2295.09732	7
2295.94011	7
2296.78293	5
2297.62577	8
2298.46863	10
2299.31152	12
2300.15443	6
2300.99736	9
2301.84032	10
2302.6833	4
2303.52631	5
2304.36933	7
2305.21239	10
2306.05546	10
2306.89856	7
2307.74168	8
2308.58483	8
2309.428	8
2310.27119	10
2311.11441	4
2311.95765	8
2312.80091	9
2313.6442	7
2314.48751	5
2315.33084	10
2316.1742	8
2317.01758	12
2317.86098	3
2318.70441	8
2319.54786	10
2320.39134	11
2321.23484	7
2322.07836	13
2322.92191	9
2323.76548	7
2324.60907	9
2325.45269	5
2326.29633	9
2327.13999	7
2327.98368	5
2328.82739	6
2329.67113	5
2330.51488	14
2331.35867	6
2332.20247	5
2333.0463	10
2333.89015	10
2334.73403	9
2335.57793	7
2336.42185	5
2337.2658	5
2338.10977	7
2338.95376	10
2339.79778	15
2340.64182	11
2341.48588	7
2342.32997	2
2343.17408	4
2344.01822	12
2344.86238	7
2345.70656	8
2346.55077	4
2347.395	7
2348.23925	6
2349.08353	9
2349.92783	6
2350.77215	7
2351.6165	7
2352.46087	11
2353.30526	9
2354.14968	6
2354.99412	6
2355.83859	6
2356.68307	14
2357.52759	8
2358.37212	8
2359.21668	9
2360.06126	11
2360.90587	9
2361.7505	8
2362.59515	4
2363.43983	8
2364.28453	9
2365.12925	9
2365.974	9
2366.81877	9
2367.66357	10
2368.50839	12
2369.35323	7
2370.19809	11
2371.04298	5
2371.8879	6
2372.73283	2
2373.57779	8
2374.42277	7
2375.26778	6
2376.11281	4
2376.95787	6
2377.80294	7
2378.64804	4
2379.49317	3
2380.33832	8
2381.18349	6
2382.02868	12
2382.8739	9
2383.71914	11
2384.56441	6
2385.4097	10
2386.25501	8
2387.10035	8
2387.94571	10
2388.79109	2
2389.6365	6
2390.48193	5
2391.32739	4
2392.17286	6
2393.01837	5
2393.86389	4
2394.70944	7
2395.55501	7
2396.40061	6
2397.24623	10
2398.09187	7
2398.93754	6
2399.78323	4
2400.62894	9
2401.47468	5
2402.32044	5
2403.16622	2
2404.01203	8
2404.85786	4
2405.70372	6
2406.54959	2
2407.3955	8
2408.24142	4
2409.08737	5
2409.93334	5
2410.77934	10
2411.62536	2
2412.4714	7
2413.31747	5
2414.16356	6
2415.00967	3
2415.85581	6
2416.70197	7
2417.54816	3
2418.39437	5
2419.2406	3
2420.08685	7
2420.93313	4
2421.77943	8
2422.62576	4
2423.47211	5
2424.31848	5
2425.16488	5
2426.0113	4
2426.85774	7
2427.70421	5
2428.5507	7
2429.39722	5
2430.24375	5
2431.09032	6
2431.9369	4
2432.78351	6
2433.63014	6
2434.4768	3
2435.32348	6
2436.17018	4
2437.01691	3
2437.86366	2
2438.71043	1
2439.55723	2
2440.40405	7
2441.25089	2
2442.09776	10
2442.94465	9
2443.79157	4
2444.6385	10
2445.48547	12
2446.33245	6
2447.17946	6
2448.02649	6
2448.87355	5
2449.72063	2
2450.56773	6
2451.41486	4
2452.26201	5
2453.10919	7
2453.95638	3
2454.8036	8
2455.65085	7
2456.49812	5
2457.34541	5
2458.19273	1
2459.04006	3
2459.88743	6
2460.73481	7
2461.58222	5
2462.42966	3
2463.27711	0
2464.12459	3
2464.9721	4
2465.81962	6
2466.66718	4
2467.51475	6
2468.36235	7
2469.20997	0
2470.05762	3
2470.90528	3
2471.75298	3
2472.60069	6
2473.44843	5
2474.29619	3
2475.14398	3
2475.99179	0
2476.83963	3
2477.68748	4
2478.53536	2
2479.38327	1
2480.2312	0
2481.07915	7
2481.92712	3
2482.77512	3
2483.62314	5
2484.47119	1
2485.31926	4
2486.16735	1
2487.01547	3
2487.86361	3
2488.71177	3
2489.55996	3
2490.40817	3
2491.2564	1
2492.10466	2
2492.95294	4
2493.80125	3
2494.64958	2
2495.49793	2
2496.3463	1
2497.1947	3
2498.04312	0
2498.89157	0
2499.74004	1
2500.58853	0
2501.43705	1
2502.28559	5
2503.13416	4
2503.98274	3
2504.83135	2
2505.67999	0
2506.52865	1
2507.37733	1
2508.22603	4
2509.07476	1
2509.92352	4
2510.77229	1
2511.62109	0
2512.46991	0
2513.31876	0
2514.16763	1
2515.01653	1
2515.86544	1
2516.71438	1
2517.56335	2
2518.41234	2
2519.26135	1
2520.11038	0
2520.95944	3
2521.80852	2
2522.65763	1
2523.50676	3
2524.35591	2
2525.20509	1
2526.05429	0
2526.90351	1
2527.75276	1
2528.60203	2
2529.45132	0
2530.30064	2
2531.14998	2
2531.99935	0
2532.84874	3
2533.69815	1
2534.54758	3
2535.39704	0
2536.24653	1
2537.09603	2
2537.94556	0
2538.79512	1
2539.64469	2
2540.49429	2
2541.34392	2
2542.19357	3
2543.04324	1
2543.89293	1
2544.74265	3
2545.59239	1
2546.44216	1
2547.29195	2
2548.14176	2
2548.9916	2
2549.84146	0
2550.69134	2
2551.54125	2
2552.39118	0
2553.24113	1
2554.09111	2
2554.94111	1
2555.79113	1
2556.64118	3
2557.49125	2
2558.34135	0
2559.19147	0
2560.04161	3
2560.89177	1
2561.74196	1
2562.59218	0
2563.44241	0
2564.29267	2
2565.14296	1
2565.99327	0
2566.8436	1
2567.69395	3
2568.54433	0
2569.39473	1
2570.24516	1
2571.0956	2
2571.94608	2
2572.79657	2
2573.64709	0
2574.49763	0
2575.3482	0
2576.19879	3
2577.0494	4
2577.90004	0
2578.7507	3
2579.60139	4
2580.45209	2
2581.30282	1
2582.15358	1
2583.00436	1
2583.85516	1
2584.70599	2
2585.55683	2
2586.40771	1
2587.2586	3
2588.10952	3
2588.96047	2
2589.81143	0
2590.66242	1
2591.51344	3
2592.36448	0
2593.21554	2
2594.06662	4
2594.91773	1
2595.76886	2
2596.62002	4
2597.4712	1
2598.3224	0
2599.17362	2
2600.02487	3
2600.87615	0
2601.72744	3
2602.57876	1
2603.43011	3
2604.28148	3
2605.13287	6
2605.98428	7
2606.83572	17
2607.68718	39
2608.53867	44
2609.39017	64
2610.24171	112
2611.09326	140
2611.94484	145
2612.79645	183
2613.64807	169
2614.49972	153
2615.3514	81
2616.20309	59
2617.05481	30
2617.90656	6
2618.75833	2
2619.61012	2
2620.46193	1
2621.31377	2
2622.16563	0
2623.01752	0
2623.86943	0
2624.72136	0
2625.57332	0
2626.4253	0
2627.2773	1
2628.12933	0
2628.98138	0
2629.83345	0
2630.68555	0
2631.53767	0
2632.38982	0
2633.24198	0
2634.09418	0
2634.94639	0
2635.79863	0
2636.65089	0
2637.50318	0
2638.35549	0
2639.20782	1
2640.06018	0
2640.91256	0
2641.76496	0
2642.61739	0
2643.46984	0
2644.32232	0
2645.17481	0
2646.02734	0
2646.87988	0
2647.73245	0
2648.58504	1
2649.43766	0
2650.2903	0
2651.14296	0
2651.99565	0
2652.84836	1
2653.70109	0
2654.55385	0
2655.40663	0
2656.25943	0
2657.11226	0
2657.96511	0
2658.81799	0
2659.67089	0
2660.52381	0
2661.37676	1
2662.22972	0
2663.08272	0
2663.93573	0
2664.78877	0
2665.64184	1
2666.49492	0
2667.34804	0
2668.20117	0
2669.05433	1
2669.90751	0
2670.76071	0
2671.61394	0
2672.46719	0
2673.32047	0
2674.17377	0
2675.02709	0
2675.88044	0
2676.73381	0
2677.5872	1
2678.44062	0
2679.29406	0
2680.14752	0
2681.00101	0
2681.85452	0
2682.70806	0
2683.56161	0
2684.4152	0
2685.2688	0
2686.12243	0
2686.97608	1
2687.82976	0
2688.68346	0
2689.53718	0
2690.39093	0
2691.2447	0
2692.09849	0
2692.95231	0
2693.80615	0
2694.66002	0
2695.5139	0
2696.36782	0
2697.22175	0
2698.07571	0
2698.92969	0
2699.7837	0
2700.63773	0
2701.49178	0
2702.34586	0
2703.19996	0
2704.05408	0
2704.90823	1
2705.7624	0
2706.61659	0
2707.47081	0
2708.32505	0
2709.17932	0
2710.03361	0
2710.88792	1
2711.74225	0
2712.59661	0
2713.451	0
2714.3054	0
2715.15983	0
2716.01428	0
2716.86876	0
2717.72326	0
2718.57779	0
2719.43233	1
2720.28691	0
2721.1415	0
2721.99612	1
2722.85076	0
2723.70543	0
2724.56012	0
2725.41483	0
2726.26956	0
2727.12432	1
2727.97911	0
2728.83391	0
2729.68874	0
2730.5436	0
2731.39848	0
2732.25338	0
2733.1083	0
2733.96325	0
2734.81822	0
2735.67322	0
2736.52824	0
2737.38328	0
2738.23834	0
2739.09343	0
2739.94855	0
2740.80368	0
2741.65884	0
2742.51403	1
2743.36923	0
2744.22447	1
2745.07972	1
2745.935	0
2746.7903	1
2747.64562	0
2748.50097	0
2749.35634	0
2750.21174	0
2751.06716	1
2751.9226	0
2752.77807	0
2753.63356	0
2754.48907	0
2755.34461	1
2756.20017	0
2757.05576	0
2757.91136	0
2758.76699	0
2759.62265	1
2760.47833	0
2761.33403	0
2762.18976	0
2763.0455	0
2763.90128	0
2764.75707	0
2765.61289	0
2766.46874	1
2767.3246	0
2768.18049	0
2769.03641	0
2769.89235	0
2770.74831	0
2771.60429	1
2772.4603	0
2773.31633	0
2774.17239	0
2775.02847	0
2775.88457	0
2776.74069	0
2777.59684	0
2778.45302	0
2779.30921	0
2780.16543	0
2781.02168	0
2781.87795	1
2782.73424	0
2783.59055	0
2784.44689	0
2785.30325	0
2786.15964	0
2787.01604	0
2787.87248	0
2788.72893	0
2789.58541	0
2790.44192	0
2791.29844	0
2792.15499	0
2793.01157	0
2793.86816	1
2794.72478	0
2795.58143	0
2796.4381	0
2797.29479	0
2798.1515	0
2799.00824	0
2799.865	0
2800.72179	0
2801.5786	0
2802.43543	0
2803.29229	0
2804.14917	0
2805.00607	0
2805.863	0
2806.71995	0
2807.57692	0
2808.43392	0
2809.29094	0
2810.14799	0
2811.00505	0
2811.86215	0
2812.71926	0
2813.5764	0
2814.43356	0
2815.29075	0
2816.14796	0
2817.00519	0
2817.86245	0
2818.71973	0
2819.57703	0
2820.43436	0
2821.29171	1
2822.14909	0
2823.00649	1
2823.86391	0
2824.72135	0
2825.57882	0
2826.43631	0
2827.29383	0
2828.15137	0
2829.00893	0
2829.86652	0
2830.72413	0
2831.58176	1
2832.43942	0
2833.2971	0
2834.15481	0
2835.01253	0
2835.87029	0
2836.72806	0
2837.58586	0
2838.44368	1
2839.30153	0
2840.1594	0
2841.01729	0
2841.87521	0
2842.73315	0
2843.59111	0
2844.4491	0
2845.30711	0
2846.16514	0
2847.0232	0
2847.88128	0
2848.73939	1
2849.59751	0
2850.45567	0
2851.31384	0
2852.17204	0
2853.03026	0
2853.88851	0
2854.74678	0
2855.60507	0
2856.46339	1
2857.32173	0
2858.18009	0
2859.03848	0
2859.89689	0
2860.75533	0
2861.61379	0
2862.47227	0
2863.33077	0
2864.1893	0
2865.04786	0
2865.90643	0
2866.76503	0
2867.62365	1
2868.4823	0
2869.34097	1
2870.19966	0
2871.05838	0
2871.91712	0
2872.77589	0
2873.63468	0
2874.49349	0
2875.35232	0
2876.21118	1
2877.07006	0
2877.92897	0
2878.7879	0
2879.64685	0
2880.50583	0
2881.36483	0
2882.22385	0
2883.0829	0
2883.94197	1
2884.80106	0
2885.66018	0
2886.51932	0
2887.37849	0
2888.23768	0
2889.09689	0
2889.95613	0
2890.81539	0
2891.67467	0
2892.53397	0
2893.3933	0
2894.25266	0
2895.11203	0
2895.97144	0
2896.83086	0
2897.69031	0
2898.54978	0
2899.40927	0
2900.26879	0
2901.12833	0
2901.9879	0
2902.84749	0
2903.7071	0
2904.56674	0
2905.4264	0
2906.28608	0
2907.14579	0
2908.00552	0
2908.86527	0
2909.72505	0
2910.58485	0
2911.44467	0
2912.30452	0
2913.16439	0
2914.02429	0
2914.88421	0
2915.74415	0
2916.60412	0
2917.46411	0
2918.32412	0
2919.18416	0
2920.04422	0
2920.9043	0
2921.76441	0
2922.62454	0
2923.48469	1
2924.34487	1
2925.20507	0
2926.0653	0
2926.92555	0
2927.78582	0
2928.64611	0
2929.50643	0
2930.36678	0
2931.22714	0
2932.08753	0
2932.94795	1
2933.80838	0
2934.66884	0
2935.52933	0
2936.38984	0
2937.25037	0
2938.11092	0
2938.9715	0
2939.8321	0
2940.69273	0
2941.55338	0
2942.41405	0
2943.27475	0
2944.13547	0
2944.99621	0
2945.85698	0
2946.71777	0
2947.57858	0
2948.43942	0
2949.30028	0
2950.16117	0
2951.02207	0
2951.88301	0
2952.74396	0
2953.60494	0
2954.46594	0
2955.32697	0
2956.18802	0
2957.04909	0
2957.91019	0
2958.77131	0
2959.63245	0
2960.49362	0
2961.35481	0
2962.21603	0
2963.07726	0
2963.93853	0
2964.79981	0
2965.66112	0
2966.52245	0
2967.38381	0
2968.24519	0
2969.10659	0
2969.96802	0
2970.82947	0
2971.69094	0
2972.55244	0
2973.41396	0
2974.2755	0
2975.13707	0
2975.99866	0
2976.86028	0
2977.72192	0
2978.58358	0
2979.44526	0
2980.30697	0
2981.16871	0
2982.03046	0
2982.89224	0
2983.75405	0
2984.61587	0
2985.47772	0
2986.3396	1
2987.2015	0
2988.06342	0
2988.92536	0
2989.78733	0
2990.64932	0
2991.51134	0
2992.37338	0
2993.23544	0
2994.09753	0
2994.95963	0
2995.82177	0
2996.68393	0
2997.54611	0
2998.40831	0
2999.27054	0
3000.13279	0
3000.99506	0
3001.85736	0
3002.71968	0
3003.58203	0
3004.4444	0
3005.30679	0
3006.16921	0
3007.03165	0
3007.89411	0
3008.75659	0
3009.61911	0
3010.48164	0
3011.3442	0
3012.20678	0
3013.06938	1
3013.93201	0
3014.79466	0
3015.65734	0
3016.52004	0
3017.38276	0
3018.2455	0
3019.10827	0
3019.97107	0
3020.83388	0
3021.69672	1
3022.55959	0
3023.42247	0
3024.28538	0
3025.14832	0
3026.01128	0
3026.87426	0
3027.73726	0
3028.60029	0
3029.46334	0
3030.32642	0
3031.18952	0
3032.05264	0
3032.91579	0
3033.77896	0
3034.64215	0
3035.50537	0
3036.36861	0
3037.23187	0
3038.09516	0
3038.95847	0
3039.8218	0
3040.68516	0
3041.54854	0
3042.41195	0
3043.27538	0
3044.13883	0
3045.00231	0
3045.86581	0
3046.72933	0
3047.59288	0
3048.45645	0
3049.32004	0
3050.18366	0
3051.0473	0
3051.91096	0
3052.77465	1
3053.63836	0
3054.5021	0
3055.36586	0
3056.22964	0
3057.09345	0
3057.95728	0
3058.82113	0
3059.68501	0
3060.54891	0
3061.41283	0
3062.27678	0
3063.14075	0
3064.00474	0
3064.86876	0
3065.7328	0
3066.59687	0
3067.46096	0
3068.32507	0
3069.1892	1
3070.05336	0
3070.91755	0
3071.78175	0
3072.64598	0
3073.51024	0
3074.37451	0
3075.23881	0
3076.10314	0
3076.96748	0
3077.83186	0
3078.69625	0
3079.56067	0
3080.42511	0
3081.28958	1
3082.15407	0
3083.01858	0
3083.88311	0
3084.74767	0
3085.61226	0
3086.47686	0
3087.3415	0
3088.20615	0
3089.07083	0
3089.93553	0
3090.80025	0
3091.665	0
3092.52977	0
3093.39457	0
3094.25939	0
3095.12423	0
3095.9891	0
3096.85398	0
3097.7189	0
3098.58383	0
3099.44879	0
3100.31378	0
3101.17879	0
3102.04382	1
3102.90887	1
3103.77395	1
3104.63905	0
3105.50418	0
3106.36932	0
3107.2345	0
3108.09969	0
3108.96491	0
3109.83016	0
3110.69542	0
3111.56071	0
3112.42603	0
3113.29136	0
3114.15672	0
3115.02211	0
3115.88752	0
3116.75295	0
3117.6184	0
3118.48388	0
3119.34938	0
3120.21491	0
3121.08046	0
3121.94603	0
3122.81163	1
3123.67725	0
3124.54289	0
3125.40856	0
3126.27425	0
3127.13996	1
3128.0057	0
3128.87146	1
3129.73724	0
3130.60305	0
3131.46888	0
3132.33474	0
3133.20062	0
3134.06652	0
3134.93245	0
3135.7984	0
3136.66437	1
3137.53037	0
3138.39639	0
3139.26243	0
3140.1285	0
3140.99459	0
3141.8607	0
3142.72684	0
3143.593	0
3144.45919	0
3145.3254	0
3146.19163	0
3147.05789	0
3147.92417	0
3148.79047	0
3149.6568	0
3150.52315	0
3151.38952	0
3152.25592	0
3153.12234	0
3153.98878	0
3154.85525	0
3155.72174	0
3156.58826	0
3157.4548	0
3158.32136	0
3159.18794	0
3160.05455	0
3160.92119	0
3161.78784	1
3162.65452	0
3163.52123	1
3164.38795	0
3165.2547	0
3166.12148	0
3166.98828	0
3167.8551	0
3168.72194	0
3169.58881	0
3170.4557	0
3171.32262	0
3172.18956	0
3173.05652	0
3173.92351	0
3174.79052	0
3175.65755	0
3176.52461	0
3177.39169	0
3178.25879	0
3179.12592	0
3179.99307	0
3180.86024	0
3181.72744	0
3182.59466	0
3183.46191	0
3184.32918	0
3185.19647	0
3186.06379	0
3186.93113	0
3187.79849	0
3188.66588	0
3189.53329	1
3190.40072	0
3191.26818	0
3192.13566	0
3193.00316	0
3193.87069	0
3194.73824	0
3195.60582	0
3196.47342	0
3197.34104	0
3198.20868	0
3199.07635	0
3199.94405	0
3200.81176	0
3201.6795	0
3202.54727	0
3203.41505	0
3204.28286	0
3205.1507	1
3206.01856	0
3206.88644	0
3207.75434	0
3208.62227	0
3209.49022	0
3210.3582	0
3211.2262	0
3212.09422	0
3212.96227	0
3213.83034	0
3214.69843	0
3215.56655	0
3216.43469	0
3217.30285	0
3218.17104	0
3219.03925	0
3219.90749	0
3220.77574	0
3221.64403	0
3222.51233	0
3223.38066	0
3224.24901	0
3225.11739	0
3225.98579	0
3226.85421	0
3227.72266	0
3228.59113	0
3229.45962	0
3230.32814	0
3231.19668	0
3232.06525	0
3232.93383	0
3233.80245	0
3234.67108	0
3235.53974	0
3236.40842	0
3237.27713	0
3238.14586	0
3239.01461	0
3239.88339	0
3240.75219	0
3241.62101	0
3242.48986	0
3243.35873	0
3244.22762	0
3245.09654	0
3245.96548	0
3246.83445	0
3247.70344	0
3248.57245	0
3249.44149	0
3250.31054	0
3251.17963	0
3252.04873	0
3252.91786	0
3253.78702	0
3254.65619	0
3255.52539	0
3256.39462	0
3257.26387	0
3258.13314	0
3259.00243	0
3259.87175	0
3260.74109	0
3261.61046	0
3262.47985	0
3263.34926	0
3264.2187	0
3265.08816	0
3265.95764	0
3266.82715	0
3267.69668	0
3268.56623	0
3269.43581	0
3270.30541	0
3271.17504	0
3272.04468	0
3272.91436	0
3273.78405	0
3274.65377	0
3275.52351	0
3276.39328	0
3277.26307	0
3278.13288	0
3279.00272	0
3279.87258	0
3280.74246	0
3281.61237	0
3282.4823	0
3283.35225	1
3284.22223	0
3285.09223	0
3285.96226	0
3286.83231	0
3287.70238	0
3288.57248	0
3289.4426	0
3290.31274	0
3291.1829	0
3292.05309	1
3292.92331	0
3293.79355	0
3294.66381	0
3295.53409	0
3296.4044	0
3297.27473	0
3298.14508	0
3299.01546	0
3299.88587	0
3300.75629	0
3301.62674	0
3302.49721	0
3303.36771	1
3304.23823	0
3305.10877	0
3305.97934	0
3306.84993	0
3307.72054	0
3308.59118	0
3309.46184	0
3310.33253	0
3311.20324	0
3312.07397	0
3312.94472	0
3313.8155	0
3314.68631	0
3315.55713	0
3316.42798	0
3317.29885	0
3318.16975	0
3319.04067	0
3319.91162	0
3320.78258	0
3321.65357	0
3322.52459	0
3323.39563	0
3324.26669	0
3325.13777	0
3326.00888	0
3326.88002	0
3327.75117	0
3328.62235	0
3329.49355	0
3330.36478	0
3331.23603	0
3332.1073	0
3332.9786	0
3333.84992	0
3334.72127	0
3335.59263	0
3336.46403	0
3337.33544	0
3338.20688	0
3339.07834	0
3339.94983	0
3340.82134	0
3341.69287	0
3342.56443	0
3343.43601	0
3344.30761	0
3345.17924	0
3346.05089	0
3346.92256	0
3347.79426	0
3348.66598	0
3349.53773	0
3350.40949	0
3351.28129	0
3352.1531	0
3353.02494	0
3353.8968	0
3354.76869	0
3355.6406	0
3356.51253	0
3357.38449	0
3358.25647	0
3359.12847	0
3360.0005	0
3360.87255	0
3361.74463	0
3362.61673	0
3363.48885	0
3364.36099	0
3365.23316	0
3366.10535	0
3366.97757	0
3367.84981	0
3368.72207	0
3369.59436	0
3370.46667	0
3371.339	0
3372.21136	0
3373.08374	0
3373.95615	0
3374.82858	0
3375.70103	0
3376.5735	0
3377.446	0
3378.31852	0
3379.19107	0
3380.06364	0
3380.93623	0
