5.14045	0
5.9166	0
6.69277	0
7.46897	0
8.24518	0
9.02143	0
9.79769	0
10.57398	0
11.35029	0
12.12663	0
12.90299	0
13.67937	0
14.45578	0
15.23221	0
16.00866	0
16.78514	0
17.56164	0
18.33816	0
19.11471	0
19.89128	0
20.66788	0
21.44449	0
22.22114	0
22.9978	0
23.77449	0
24.5512	0
25.32794	0
26.1047	0
26.88148	0
27.65829	0
28.43512	0
29.21198	0
29.98885	0
30.76575	0
31.54268	0
32.31963	0
33.0966	0
33.87359	0
34.65061	0
35.42766	0
36.20472	0
36.98181	0
37.75893	0
38.53606	0
39.31322	0
40.09041	0
40.86761	0
41.64484	0
42.4221	0
43.19938	0
43.97668	0
44.754	0
45.53135	0
46.30873	0
47.08612	0
47.86354	0
48.64098	0
49.41845	0
50.19594	0
50.97345	0
51.75099	0
52.52855	0
53.30614	0
54.08374	0
54.86138	0
55.63903	0
56.41671	0
57.19441	0
57.97214	0
58.74989	0
59.52766	0
60.30546	0
61.08328	0
61.86112	0
62.63899	0
63.41688	0
64.19479	0
64.97273	4
65.75069	123
66.52867	888
67.30668	1317
68.08472	1294
68.86277	1320
69.64085	1339
70.41895	1329
71.19708	1427
71.97523	1445
72.7534	1460
73.5316	1486
74.30982	1518
75.08806	1552
75.86633	1526
76.64462	1582
77.42294	1460
78.20127	1477
78.97964	1589
79.75802	1574
80.53643	1598
81.31486	1585
82.09332	1738
82.8718	1626
83.6503	1606
84.42883	1697
85.20738	1747
85.98595	1765
86.76455	1742
87.54317	1781
88.32182	1772
89.10048	1730
89.87917	1796
90.65789	1744
91.43663	1787
92.21539	1814
92.99418	1832
93.77299	1781
94.55182	1865
95.33068	1880
96.10956	1706
96.88846	1808
97.66739	1801
98.44634	1879
99.22531	1816
100.00431	1906
100.78333	1832
101.56238	1889
102.34144	1874
103.12054	1911
103.89965	1854
104.67879	1904
105.45795	2001
106.23714	1885
107.01635	1952
107.79558	1891
108.57484	1903
109.35412	1881
110.13342	1906
110.91275	1802
111.6921	1973
112.47148	1888
113.25088	1941
114.0303	1882
114.80974	1967
115.58921	1893
116.36871	1950
117.14822	1877
117.92776	1856
118.70732	1785
119.48691	1896
120.26652	1902
121.04616	1815
121.82581	1896
122.60549	1917
123.3852	1797
124.16493	1889
124.94468	1835
125.72445	1824
126.50425	1853
127.28407	1868
128.06392	1876
128.84379	1866
129.62368	1831
130.4036	1807
131.18354	1810
131.9635	1804
132.74349	1789
133.5235	1746
134.30354	1731
135.08359	1745
135.86368	1738
136.64378	1762
137.42391	1706
138.20406	1685
138.98424	1654
139.76444	1734
140.54466	1721
141.32491	1702
142.10518	1727
142.88547	1732
143.66579	1594
144.44613	1612
145.22649	1653
146.00688	1641
146.78729	1518
147.56772	1650
148.34818	1609
149.12866	1645
149.90917	1532
150.6897	1586
151.47025	1543
152.25083	1572
153.03143	1636
153.81205	1544
154.5927	1523
155.37337	1474
156.15406	1434
156.93478	1476
157.71552	1450
158.49629	1426
159.27707	1450
160.05789	1441
160.83872	1445
161.61958	1356
162.40046	1367
163.18137	1464
163.9623	1403
164.74325	1345
165.52423	1412
166.30523	1415
167.08625	1368
167.8673	1369
168.64837	1276
169.42946	1382
170.21058	1306
170.99172	1295
171.77289	1319
172.55408	1400
173.33529	1318
174.11653	1337
174.89779	1350
175.67907	1302
176.46038	1294
177.24171	1273
178.02306	1273
178.80444	1295
179.58584	1261
180.36726	1263
181.14871	1272
181.93018	1250
182.71168	1226
183.49319	1220
184.27474	1246
185.0563	1234
185.83789	1218
186.6195	1229
187.40114	1196
188.1828	1109
188.96448	1210
189.74619	1158
190.52792	1192
191.30967	1152
192.09145	1130
192.87325	1133
193.65508	1151
194.43693	1105
195.2188	1117
196.00069	1126
196.78261	1083
197.56456	1117
198.34652	1050
199.12851	1074
199.91052	1100
200.69256	1099
201.47462	1082
202.25671	1045
203.03881	1029
203.82094	1031
204.6031	1027
205.38528	1060
206.16748	1014
206.9497	987
207.73195	1055
208.51422	1080
209.29652	1036
210.07884	975
210.86118	1038
211.64355	985
212.42594	1013
213.20835	1002
213.99079	1027
214.77325	971
215.55574	933
216.33824	984
217.12078	948
217.90333	961
218.68591	961
219.46851	883
220.25114	955
221.03379	946
221.81646	957
222.59916	913
223.38188	886
224.16462	883
224.94739	904
225.73018	908
226.51299	859
227.29583	907
228.07869	854
228.86158	896
229.64448	859
230.42742	820
231.21037	859
231.99335	809
232.77635	810
233.55938	895
234.34243	845
235.1255	882
235.9086	920
236.69172	1196
237.47486	1579
238.25803	1811
239.04122	1645
239.82444	1252
240.60768	1005
241.39094	901
242.17422	835
242.95753	790
243.74086	696
244.52422	748
245.3076	716
246.091	685
246.87443	685
247.65788	669
248.44135	719
249.22485	731
250.00837	689
250.79192	693
251.57548	677
252.35908	668
253.14269	668
253.92633	676
254.70999	675
255.49368	630
256.27739	608
257.06112	668
257.84488	670
258.62866	644
259.41246	634
260.19629	640
260.98014	621
261.76401	601
262.54791	588
263.33183	642
264.11578	619
264.89974	611
265.68374	609
266.46775	629
267.25179	580
268.03585	607
268.81994	689
269.60405	645
270.38818	684
271.17234	620
271.95652	625
272.74073	611
273.52495	531
274.3092	573
275.09348	585
275.87778	614
276.6621	603
277.44645	616
278.23081	569
279.01521	565
279.79962	546
280.58406	550
281.36853	514
282.15301	505
282.93752	553
283.72206	538
284.50661	531
285.2912	505
286.0758	518
286.86043	533
287.64508	478
288.42976	514
289.21445	529
289.99918	488
290.78392	524
291.56869	473
292.35348	495
293.1383	517
293.92314	601
294.70801	633
295.49289	638
296.2778	554
297.06274	495
297.8477	477
298.63268	488
299.41768	542
300.20271	497
300.98776	500
301.77284	457
302.55794	443
303.34306	459
304.12821	424
304.91338	459
305.69857	453
306.48379	489
307.26903	430
308.05429	460
308.83958	426
309.62489	425
310.41023	478
311.19559	416
311.98097	426
312.76637	394
313.5518	393
314.33725	424
315.12273	396
315.90823	414
316.69375	406
317.4793	413
318.26487	435
319.05047	440
319.83608	438
320.62172	384
321.40739	407
322.19308	380
322.97879	396
323.76452	395
324.55028	406
325.33607	413
326.12187	402
326.9077	440
327.69355	448
328.47943	430
329.26533	446
330.05126	406
330.8372	391
331.62317	416
332.40917	396
333.19519	381
333.98123	395
334.76729	375
335.55338	378
336.33949	408
337.12563	564
337.91179	586
338.69797	581
339.48418	528
340.27041	438
341.05666	356
341.84294	342
342.62924	335
343.41556	362
344.20191	349
344.98828	302
345.77468	362
346.5611	359
347.34754	342
348.13401	352
348.92049	382
349.70701	390
350.49354	477
351.2801	597
352.06669	671
352.85329	570
353.63992	410
354.42658	377
355.21326	323
355.99996	342
356.78668	335
357.57343	335
358.3602	327
359.147	286
359.93382	322
360.72066	331
361.50753	282
362.29442	281
363.08133	328
363.86827	338
364.65523	294
365.44221	336
366.22922	306
367.01625	310
367.8033	303
368.59038	294
369.37748	312
370.16461	313
370.95176	312
371.73893	336
372.52612	305
373.31334	308
374.10059	307
374.88785	295
375.67514	300
376.46246	326
377.2498	351
378.03716	343
378.82454	277
379.61195	298
380.39938	301
381.18684	277
381.97431	280
382.76182	287
383.54934	285
384.33689	282
385.12446	318
385.91206	261
386.69968	274
387.48732	291
388.27499	285
389.06268	289
389.8504	251
390.63813	294
391.42589	264
392.21368	265
393.00149	308
393.78932	273
394.57718	270
395.36506	278
396.15296	237
396.94088	270
397.72883	281
398.51681	262
399.3048	285
400.09282	255
400.88087	286
401.66894	281
402.45703	245
403.24514	307
404.03328	285
404.82144	297
405.60963	277
406.39784	273
407.18607	278
407.97432	305
408.7626	269
409.55091	304
410.33923	286
411.12758	276
411.91596	246
412.70436	265
413.49278	255
414.28122	268
415.06969	236
415.85818	277
416.6467	289
417.43523	242
418.2238	228
419.01238	270
419.80099	245
420.58963	248
421.37828	256
422.16696	241
422.95567	260
423.74439	198
424.53314	244
425.32192	253
426.11072	242
426.89954	235
427.68838	240
428.47725	218
429.26614	243
430.05506	255
430.844	225
431.63296	241
432.42195	234
433.21096	246
433.99999	212
434.78905	236
435.57813	225
436.36723	246
437.15636	231
437.94551	254
438.73469	270
439.52388	213
440.31311	228
441.10235	236
441.89162	237
442.68091	225
443.47023	246
444.25957	258
445.04893	227
445.83832	232
446.62773	235
447.41716	230
448.20662	199
448.9961	246
449.78561	205
450.57513	229
451.36469	248
452.15426	233
452.94386	218
453.73348	235
454.52313	215
455.3128	224
456.10249	228
456.89221	184
457.68195	242
458.47171	182
459.2615	204
460.05131	191
460.84114	208
461.631	233
462.42088	319
463.21079	289
464.00072	258
464.79067	250
465.58065	212
466.37065	212
467.16067	201
467.95071	203
468.74078	213
469.53088	216
470.321	206
471.11114	182
471.9013	200
472.69149	206
473.4817	188
474.27193	193
475.06219	193
475.85247	242
476.64278	217
477.43311	204
478.22346	202
479.01384	191
479.80424	215
480.59466	194
481.38511	209
482.17558	185
482.96607	186
483.75659	187
484.54713	186
485.3377	197
486.12828	185
486.9189	184
487.70953	213
488.50019	203
489.29087	196
490.08158	173
490.87231	211
491.66306	182
492.45384	188
493.24464	200
494.03546	182
494.82631	214
495.61718	184
496.40808	187
497.19899	201
497.98994	163
498.7809	179
499.57189	203
500.3629	182
501.15394	196
501.945	185
502.73608	202
503.52719	185
504.31832	198
505.10947	190
505.90065	173
506.69185	218
507.48307	172
508.27432	220
509.06559	290
509.85689	347
510.64821	416
511.43955	392
512.23091	314
513.0223	269
513.81372	197
514.60515	171
515.39661	177
516.18809	160
516.9796	195
517.77113	195
518.56269	194
519.35426	195
520.14587	199
520.93749	181
521.72914	159
522.52081	169
523.31251	180
524.10423	159
524.89597	176
525.68773	186
526.47952	161
527.27134	190
528.06317	180
528.85503	168
529.64692	183
530.43883	173
531.23076	186
532.02271	155
532.81469	204
533.60669	180
534.39872	185
535.19077	172
535.98284	177
536.77493	182
537.56705	148
538.3592	161
539.15136	161
539.94355	166
540.73577	185
541.528	168
542.32027	186
543.11255	165
543.90486	159
544.69719	180
545.48954	189
546.28192	156
547.07433	168
547.86675	166
548.6592	187
549.45167	166
550.24417	174
551.03669	185
551.82923	164
552.6218	185
553.41439	166
554.20701	153
554.99964	168
555.7923	159
556.58499	163
557.3777	156
558.17043	177
558.96319	158
559.75596	170
560.54877	164
561.34159	179
562.13444	156
562.92732	184
563.72021	178
564.51313	161
565.30608	164
566.09905	141
566.89204	170
567.68505	184
568.47809	173
569.27115	145
570.06424	166
570.85735	182
571.65048	152
572.44363	159
573.23681	179
574.03002	181
574.82324	155
575.61649	143
576.40977	172
577.20307	156
577.99639	159
578.78973	154
579.5831	168
580.37649	194
581.16991	300
581.96335	516
582.75681	683
583.55029	627
584.3438	474
585.13734	291
585.93089	181
586.72447	157
587.51808	153
588.3117	142
589.10535	139
589.89903	153
590.69273	142
591.48645	125
592.28019	139
593.07396	153
593.86775	142
594.66157	146
595.45541	154
596.24927	137
597.04316	143
597.83707	142
598.631	163
599.42496	144
600.21894	150
601.01294	138
601.80697	153
602.60102	127
603.3951	148
604.18919	158
604.98332	133
605.77746	150
606.57163	177
607.36582	249
608.16004	320
608.95428	414
609.74854	423
610.54283	337
611.33714	189
612.13147	141
612.92583	153
613.72021	132
614.51462	137
615.30905	137
616.1035	121
616.89797	107
617.69247	123
618.48699	121
619.28154	128
620.07611	134
620.8707	130
621.66532	130
622.45996	140
623.25462	114
624.04931	124
624.84402	140
625.63876	109
626.43351	127
627.2283	130
628.0231	138
628.81793	135
629.61278	126
630.40766	128
631.20256	140
631.99748	131
632.79243	135
633.5874	138
634.38239	137
635.17741	129
635.97245	156
636.76751	140
637.5626	134
638.35771	113
639.15285	145
639.948	122
640.74319	137
641.53839	128
642.33362	126
643.12887	134
643.92415	155
644.71945	121
645.51477	134
646.31012	140
647.10549	131
647.90088	145
648.6963	131
649.49174	131
650.28721	126
651.0827	119
651.87821	133
652.67374	133
653.4693	131
654.26489	134
655.06049	121
655.85612	126
656.65177	135
657.44745	148
658.24315	116
659.03888	115
659.83462	135
660.63039	139
661.42619	138
662.22201	130
663.01785	135
663.81371	119
664.6096	130
665.40551	146
666.20145	154
666.99741	120
667.79339	133
668.5894	131
669.38543	137
670.18148	127
670.97756	136
671.77366	141
672.56979	134
673.36593	142
674.1621	159
674.9583	143
675.75452	144
676.55076	140
677.34703	135
678.14332	135
678.93963	126
679.73596	144
680.53232	119
681.32871	106
682.12511	133
682.92155	123
683.718	129
684.51448	106
685.31098	119
686.1075	116
686.90405	137
687.70062	126
688.49722	124
689.29384	112
690.09048	102
690.88715	119
691.68384	116
692.48055	135
693.27729	114
694.07405	119
694.87083	140
695.66764	125
696.46447	118
697.26132	118
698.0582	142
698.8551	113
699.65203	119
700.44898	128
701.24595	132
702.04295	130
702.83997	146
703.63701	135
704.43408	108
705.23117	133
706.02828	122
706.82542	142
707.62258	117
708.41976	121
709.21697	110
710.0142	130
710.81146	123
711.60874	113
712.40604	115
713.20336	140
714.00071	127
714.79809	125
715.59548	120
716.3929	107
717.19035	126
717.98781	134
718.78531	123
719.58282	110
720.38036	138
721.17792	114
721.9755	124
722.77311	117
723.57074	122
724.3684	153
725.16608	166
725.96378	215
726.76151	232
727.55926	205
728.35703	152
729.15483	136
729.95265	98
730.75049	119
731.54836	108
732.34625	114
733.14417	115
733.9421	112
734.74007	105
735.53805	112
736.33606	97
737.13409	129
737.93215	99
738.73023	138
739.52833	123
740.32646	121
741.12461	87
741.92278	130
742.72098	102
743.5192	117
744.31745	116
745.11571	93
745.91401	94
746.71232	119
747.51066	107
748.30902	110
749.10741	130
749.90582	121
750.70425	112
751.50271	111
752.30119	114
753.09969	111
753.89822	126
754.69677	116
755.49534	147
756.29394	107
757.09256	111
757.89121	124
758.68988	107
759.48857	102
760.28728	119
761.08602	112
761.88479	134
762.68357	126
763.48238	112
764.28122	116
765.08007	130
765.87895	137
766.67786	125
767.47679	142
768.27574	136
769.07471	123
769.87371	113
770.67273	108
771.47178	129
772.27085	112
773.06994	138
773.86906	111
774.6682	113
775.46736	108
776.26655	107
777.06576	106
777.86499	105
778.66425	95
779.46353	128
780.26283	136
781.06216	110
781.86151	112
782.66089	123
783.46029	120
784.25971	130
785.05916	123
785.85863	130
786.65812	99
787.45764	92
788.25718	95
789.05674	88
789.85633	116
790.65594	99
791.45557	103
792.25523	118
793.05491	156
793.85462	164
794.65435	170
795.4541	135
796.25387	130
797.05367	116
797.8535	115
798.65334	95
799.45321	113
800.25311	110
801.05302	96
801.85296	88
802.65293	108
803.45292	104
804.25293	90
805.05296	110
805.85302	112
806.6531	111
807.45321	101
808.25334	102
809.05349	95
809.85367	104
810.65387	93
811.45409	94
812.25434	112
813.05461	106
813.8549	85
814.65522	108
815.45556	106
816.25593	99
817.05631	106
817.85673	91
818.65716	110
819.45762	100
820.2581	90
821.05861	111
821.85914	106
822.65969	111
823.46027	120
824.26087	108
825.06149	88
825.86214	109
826.66281	95
827.46351	99
828.26422	117
829.06496	115
829.86573	108
830.66652	112
831.46733	104
832.26817	104
833.06903	120
833.86991	111
834.67082	110
835.47175	117
836.2727	110
837.07368	134
837.87468	114
838.6757	107
839.47675	119
840.27782	118
841.07892	107
841.88004	107
842.68118	115
843.48234	111
844.28353	114
845.08475	102
845.88598	88
846.68724	93
847.48853	106
848.28983	91
849.09116	90
849.89252	79
850.6939	83
851.4953	98
852.29672	114
853.09817	102
853.89964	95
854.70114	98
855.50266	112
856.3042	102
857.10577	99
857.90735	153
858.70897	139
859.51061	134
860.31227	142
861.11395	123
861.91566	98
862.71739	90
863.51914	98
864.32092	101
865.12272	106
865.92455	97
866.7264	87
867.52827	96
868.33017	93
869.13209	90
869.93403	117
870.73599	94
871.53799	100
872.34	98
873.14204	105
873.9441	100
874.74618	94
875.54829	117
876.35042	99
877.15258	84
877.95476	86
878.75696	99
879.55918	98
880.36143	107
881.16371	89
881.966	110
882.76832	106
883.57067	105
884.37303	88
885.17542	107
885.97784	104
886.78028	91
887.58274	110
888.38522	113
889.18773	112
889.99026	96
890.79282	110
891.5954	109
892.398	107
893.20063	112
894.00328	88
894.80595	101
895.60865	111
896.41137	109
897.21411	109
898.01688	95
898.81967	113
899.62249	92
900.42532	114
901.22819	104
902.03107	99
902.83398	109
903.63691	100
904.43987	101
905.24285	105
906.04585	101
906.84888	131
907.65193	200
908.455	300
909.2581	439
910.06122	497
910.86437	414
911.66753	245
912.47073	149
913.27394	122
914.07718	112
914.88044	106
915.68373	91
916.48704	107
917.29037	103
918.09373	96
918.89711	110
919.70051	97
920.50394	99
921.30739	100
922.11086	111
922.91436	87
923.71788	111
924.52143	82
925.325	81
926.12859	94
926.9322	85
927.73584	104
928.53951	103
929.34319	94
930.1469	107
930.95064	117
931.75439	133
932.55817	133
933.36198	115
934.16581	105
934.96966	116
935.77353	95
936.57743	82
937.38135	92
938.1853	92
938.98927	100
939.79326	117
940.59728	89
941.40132	96
942.20538	106
943.00947	120
943.81358	109
944.61771	95
945.42187	106
946.22605	88
947.03025	102
947.83448	111
948.63873	122
949.44301	110
950.24731	110
951.05163	129
951.85598	107
952.66035	85
953.46474	97
954.26916	114
955.0736	113
955.87806	103
956.68255	119
957.48706	109
958.29159	102
959.09615	105
959.90073	91
960.70534	108
961.50997	125
962.31462	145
963.11929	157
963.92399	170
964.72872	160
965.53346	201
966.33823	286
967.14303	338
967.94784	274
968.75268	224
969.55755	132
970.36244	100
971.16735	93
971.97228	86
972.77724	72
973.58222	79
974.38723	85
975.19226	69
975.99731	76
976.80239	90
977.60749	87
978.41261	99
979.21776	87
980.02293	81
980.82812	80
981.63334	90
982.43858	68
983.24385	85
984.04913	76
984.85445	85
985.65978	83
986.46514	86
987.27052	65
988.07593	82
988.88136	86
989.68681	90
990.49229	79
991.29779	80
992.10331	87
992.90886	84
993.71443	100
994.52003	92
995.32565	98
996.13129	75
996.93695	72
997.74264	89
998.54835	92
999.35409	89
1000.15985	92
1000.96563	83
1001.77144	94
1002.57727	85
1003.38312	86
1004.189	92
1004.9949	98
1005.80082	89
1006.60677	70
1007.41274	61
1008.21874	91
1009.02476	82
1009.8308	83
1010.63687	77
1011.44296	83
1012.24907	93
1013.0552	79
1013.86136	94
1014.66755	77
1015.47375	65
1016.27999	71
1017.08624	78
1017.89252	78
1018.69882	75
1019.50514	78
1020.31149	79
1021.11786	73
1021.92426	63
1022.73068	85
1023.53712	73
1024.34359	83
1025.15008	93
1025.95659	80
1026.76313	73
1027.56969	71
1028.37627	71
1029.18288	82
1029.98951	99
1030.79617	70
1031.60284	90
1032.40955	75
1033.21627	85
1034.02302	86
1034.82979	56
1035.63659	84
1036.44341	76
1037.25025	83
1038.05712	79
1038.86401	70
1039.67092	97
1040.47786	65
1041.28482	84
1042.0918	102
1042.89881	76
1043.70584	71
1044.5129	90
1045.31998	87
1046.12708	66
1046.93421	79
1047.74136	78
1048.54853	100
1049.35573	85
1050.16295	78
1050.97019	67
1051.77746	97
1052.58475	67
1053.39206	80
1054.1994	77
1055.00676	63
1055.81415	87
1056.62155	78
1057.42899	91
1058.23644	75
1059.04392	84
1059.85142	98
1060.65895	69
1061.4665	67
1062.27407	67
1063.08167	77
1063.88929	86
1064.69694	75
1065.5046	72
1066.31229	66
1067.12001	75
1067.92775	75
1068.73551	73
1069.54329	83
1070.3511	73
1071.15894	73
1071.96679	76
1072.77467	92
1073.58258	85
1074.3905	81
1075.19845	107
1076.00643	96
1076.81442	73
1077.62244	71
1078.43049	87
1079.23856	81
1080.04665	91
1080.85476	69
1081.6629	75
1082.47107	75
1083.27925	98
1084.08746	73
1084.89569	89
1085.70395	73
1086.51223	58
1087.32053	86
1088.12886	85
1088.93721	93
1089.74559	97
1090.55399	80
1091.36241	74
1092.17085	80
1092.97932	77
1093.78781	87
1094.59633	82
1095.40487	88
1096.21343	94
1097.02202	74
1097.83063	74
1098.63926	70
1099.44792	78
1100.2566	95
1101.0653	107
1101.87403	83
1102.68278	83
1103.49156	87
1104.30036	76
1105.10918	87
1105.91802	66
1106.72689	84
1107.53578	84
1108.3447	94
1109.15364	67
1109.9626	82
1110.77159	71
1111.5806	78
1112.38964	95
1113.19869	65
1114.00777	85
1114.81688	69
1115.62601	100
1116.43516	119
1117.24433	135
1118.05353	154
1118.86276	114
1119.672	105
1120.48127	82
1121.29056	74
1122.09988	95
1122.90922	78
1123.71859	64
1124.52797	63
1125.33738	75
1126.14682	79
1126.95628	67
1127.76576	70
1128.57526	85
1129.38479	68
1130.19434	80
1131.00392	82
1131.81352	79
1132.62314	84
1133.43279	66
1134.24246	57
1135.05215	63
1135.86187	65
1136.67161	78
1137.48137	69
1138.29116	77
1139.10097	64
1139.91081	72
1140.72067	76
1141.53055	71
1142.34046	76
1143.15038	63
1143.96034	75
1144.77031	72
1145.58031	76
1146.39034	63
1147.20038	70
1148.01045	68
1148.82055	73
1149.63067	84
1150.44081	78
1151.25097	77
1152.06116	74
1152.87137	82
1153.68161	64
1154.49187	72
1155.30215	63
1156.11246	65
1156.92279	78
1157.73314	71
1158.54352	79
1159.35392	81
1160.16434	66
1160.97479	73
1161.78526	68
1162.59575	80
1163.40627	52
1164.21681	63
1165.02738	88
1165.83797	92
1166.64858	125
1167.45922	281
1168.26988	497
1169.08056	791
1169.89126	1112
1170.702	1138
1171.51275	852
1172.32353	457
1173.13433	202
1173.94515	108
1174.756	74
1175.56687	62
1176.37777	61
1177.18868	61
1177.99963	70
1178.81059	54
1179.62158	66
1180.43259	64
1181.24363	69
1182.05469	55
1182.86577	68
1183.67688	58
1184.48801	81
1185.29917	59
1186.11034	55
1186.92155	76
1187.73277	69
1188.54402	78
1189.35529	85
1190.16659	74
1190.97791	65
1191.78925	67
1192.60061	56
1193.412	45
1194.22342	68
1195.03486	77
1195.84632	78
1196.6578	69
1197.46931	73
1198.28084	86
1199.09239	71
1199.90397	72
1200.71557	49
1201.5272	72
1202.33885	61
1203.15052	61
1203.96222	55
1204.77394	57
1205.58568	69
1206.39745	67
1207.20924	60
1208.02105	61
1208.83289	54
1209.64475	61
1210.45663	58
1211.26854	69
1212.08047	69
1212.89243	58
1213.70441	61
1214.51641	64
1215.32843	60
1216.14048	74
1216.95256	65
1217.76465	68
1218.57677	65
1219.38892	68
1220.20108	64
1221.01327	63
1221.82549	60
1222.63773	55
1223.44999	64
1224.26227	50
1225.07458	59
1225.88691	62
1226.69927	64
1227.51165	66
1228.32405	63
1229.13648	71
1229.94893	61
1230.7614	60
1231.5739	62
1232.38642	69
1233.19896	88
1234.01153	93
1234.82412	90
1235.63674	73
1236.44938	70
1237.26204	64
1238.07472	69
1238.88743	59
1239.70016	38
1240.51292	60
1241.3257	51
1242.1385	59
1242.95133	52
1243.76418	61
1244.57705	46
1245.38995	58
1246.20287	54
1247.01582	46
1247.82879	48
1248.64178	45
1249.45479	62
1250.26783	49
1251.08089	60
1251.89398	39
1252.70709	41
1253.52022	33
1254.33338	46
1255.14656	45
1255.95976	52
1256.77299	50
1257.58624	56
1258.39952	49
1259.21281	55
1260.02614	27
1260.83948	39
1261.65285	46
1262.46624	38
1263.27966	38
1264.0931	56
1264.90656	37
1265.72005	34
1266.53356	51
1267.34709	34
1268.16065	49
1268.97423	39
1269.78783	55
1270.60146	33
1271.41511	32
1272.22879	28
1273.04248	37
1273.85621	52
1274.66995	43
1275.48372	51
1276.29751	47
1277.11133	58
1277.92517	34
1278.73903	49
1279.55292	39
1280.36683	36
1281.18076	29
1281.99472	43
1282.8087	45
1283.62271	37
1284.43674	33
1285.25079	57
1286.06486	40
1286.87896	33
1287.69309	42
1288.50723	44
1289.3214	36
1290.13559	46
1290.94981	35
1291.76405	36
1292.57832	25
1293.3926	47
1294.20691	40
1295.02125	28
1295.83561	36
1296.64999	38
1297.46439	34
1298.27882	39
1299.09327	25
1299.90775	40
1300.72225	38
1301.53677	42
1302.35132	48
1303.16589	28
1303.98048	27
1304.7951	34
1305.60974	33
1306.42441	34
1307.23909	38
1308.0538	35
1308.86854	41
1309.6833	38
1310.49808	37
1311.31289	34
1312.12772	22
1312.94257	41
1313.75744	34
1314.57234	29
1315.38727	35
1316.20221	32
1317.01719	42
1317.83218	38
1318.6472	32
1319.46224	31
1320.2773	44
1321.09239	30
1321.9075	25
1322.72264	32
1323.5378	40
1324.35298	80
1325.16819	143
1325.98342	278
1326.79867	513
1327.61395	806
1328.42925	994
1329.24457	849
1330.05992	604
1330.87529	282
1331.69068	138
1332.5061	57
1333.32154	47
1334.13701	34
1334.9525	30
1335.76801	35
1336.58355	28
1337.39911	26
1338.21469	33
1339.0303	30
1339.84593	27
1340.66158	26
1341.47726	28
1342.29296	32
1343.10868	25
1343.92443	18
1344.7402	24
1345.556	28
1346.37182	23
1347.18766	27
1348.00352	34
1348.81941	39
1349.63533	18
1350.45126	30
1351.26722	32
1352.08321	21
1352.89921	17
1353.71524	26
1354.5313	23
1355.34738	27
1356.16348	22
1356.9796	20
1357.79575	19
1358.61192	27
1359.42812	23
1360.24434	26
1361.06058	14
1361.87685	22
1362.69314	28
1363.50945	17
1364.32579	22
1365.14215	26
1365.95853	17
1366.77494	23
1367.59137	18
1368.40783	19
1369.2243	19
1370.04081	26
1370.85733	26
1371.67388	35
1372.49045	26
1373.30705	28
1374.12367	38
1374.94031	29
1375.75698	22
1376.57367	26
1377.39038	15
1378.20712	26
1379.02388	19
1379.84066	22
1380.65747	33
1381.4743	25
1382.29116	28
1383.10804	29
1383.92494	29
1384.74187	16
1385.55882	21
1386.37579	18
1387.19279	31
1388.00981	18
1388.82685	23
1389.64392	30
1390.46101	19
1391.27812	22
1392.09526	20
1392.91242	22
1393.72961	16
1394.54681	27
1395.36405	32
1396.1813	27
1396.99858	42
1397.81588	32
1398.63321	37
1399.45056	22
1400.26793	26
1401.08533	29
1401.90275	23
1402.7202	28
1403.53766	38
1404.35516	47
1405.17267	28
1405.99021	23
1406.80777	25
1407.62536	23
1408.44297	27
1409.2606	21
1410.07825	26
1410.89593	30
1411.71364	28
1412.53136	20
1413.34911	27
1414.16689	21
1414.98469	27
1415.80251	22
1416.62035	19
1417.43822	22
1418.25611	20
1419.07403	26
1419.89197	32
1420.70993	25
1421.52791	20
1422.34592	26
1423.16396	34
1423.98201	22
1424.80009	23
1425.6182	20
1426.43632	25
1427.25448	15
1428.07265	27
1428.89085	21
1429.70907	19
1430.52731	26
1431.34558	17
1432.16388	17
1432.98219	27
1433.80053	15
1434.61889	22
1435.43728	13
1436.25569	21
1437.07412	21
1437.89258	26
1438.71106	19
1439.52957	18
1440.34809	23
1441.16665	21
1441.98522	29
1442.80382	35
1443.62244	24
1444.44109	23
1445.25976	26
1446.07845	20
1446.89716	23
1447.7159	17
1448.53467	32
1449.35345	22
1450.17227	25
1450.9911	33
1451.80996	46
1452.62884	133
1453.44774	304
1454.26667	586
1455.08562	884
1455.9046	1119
1456.7236	1134
1457.54262	751
1458.36167	418
1459.18074	178
1459.99983	51
1460.81895	19
1461.63809	16
1462.45725	15
1463.27644	12
1464.09565	10
1464.91488	14
1465.73414	13
1466.55342	12
1467.37273	8
1468.19206	15
1469.01141	14
1469.83078	12
1470.65018	13
1471.46961	14
1472.28905	15
1473.10852	10
1473.92802	11
1474.74753	10
1475.56708	17
1476.38664	16
1477.20623	5
1478.02584	9
1478.84547	12
1479.66513	13
1480.48482	10
1481.30452	15
1482.12425	12
1482.944	12
1483.76378	13
1484.58358	11
1485.4034	6
1486.22325	13
1487.04312	12
1487.86301	27
1488.68293	13
1489.50287	26
1490.32284	22
1491.14283	19
1491.96284	15
1492.78287	23
1493.60293	11
1494.42302	8
1495.24312	27
1496.06325	21
1496.88341	17
1497.70358	12
1498.52378	19
1499.34401	20
1500.16425	18
1500.98453	17
1501.80482	15
1502.62514	14
1503.44548	16
1504.26585	23
1505.08623	16
1505.90665	26
1506.72708	22
1507.54754	17
1508.36803	15
1509.18853	13
1510.00906	7
1510.82962	11
1511.65019	10
1512.47079	9
1513.29142	11
1514.11207	21
1514.93274	12
1515.75343	10
1516.57415	11
1517.39489	11
1518.21566	14
1519.03645	11
1519.85726	15
1520.6781	15
1521.49896	9
1522.31984	24
1523.14075	9
1523.96168	9
1524.78263	13
1525.60361	13
1526.42461	13
1527.24564	12
1528.06669	14
1528.88776	13
1529.70886	11
1530.52997	17
1531.35112	9
1532.17228	20
1532.99347	17
1533.81469	7
1534.63592	18
1535.45718	14
1536.27847	26
1537.09978	13
1537.92111	11
1538.74246	15
1539.56384	13
1540.38524	14
1541.20667	8
1542.02812	11
1542.84959	11
1543.67108	4
1544.4926	10
1545.31415	13
1546.13571	18
1546.9573	7
1547.77892	9
1548.60056	9
1549.42222	12
1550.2439	11
1551.06561	18
1551.88734	13
1552.7091	20
1553.53088	14
1554.35268	18
1555.1745	7
1555.99635	11
1556.81823	13
1557.64012	15
1558.46204	11
1559.28399	6
1560.10595	8
1560.92794	13
1561.74996	14
1562.572	11
1563.39406	12
1564.21614	8
1565.03825	13
1565.86038	8
1566.68254	14
1567.50472	9
1568.32692	14
1569.14915	4
1569.9714	9
1570.79367	11
1571.61597	7
1572.43829	15
1573.26063	8
1574.083	19
1574.90539	26
1575.72781	17
1576.55025	17
1577.37271	19
1578.19519	18
1579.0177	12
1579.84024	17
1580.66279	28
1581.48537	38
1582.30797	50
1583.1306	54
1583.95325	42
1584.77593	46
1585.59862	39
1586.42134	34
1587.24409	52
1588.06686	45
1588.88965	22
1589.71246	18
1590.5353	10
1591.35817	13
1592.18105	13
1593.00396	13
1593.82689	7
1594.64985	7
1595.47283	8
1596.29584	11
1597.11886	13
1597.94191	12
1598.76499	10
1599.58809	20
1600.41121	12
1601.23435	14
1602.05752	8
1602.88071	12
1603.70393	16
1604.52717	10
1605.35043	16
1606.17372	4
1606.99703	5
1607.82036	15
1608.64372	15
1609.4671	11
1610.2905	13
1611.11393	12
1611.93738	16
1612.76086	10
1613.58436	24
1614.40788	23
1615.23143	37
1616.05499	25
1616.87859	18
1617.7022	18
1618.52584	11
1619.34951	20
1620.17319	13
1620.9969	21
1621.82064	17
1622.6444	19
1623.46818	24
1624.29198	27
1625.11581	38
1625.93966	28
1626.76354	16
1627.58744	19
1628.41136	13
1629.23531	10
1630.05927	7
1630.88327	15
1631.70728	16
1632.53133	18
1633.35539	16
1634.17948	6
1635.00359	14
1635.82772	5
1636.65188	4
1637.47606	13
1638.30027	7
1639.1245	10
1639.94875	8
1640.77302	8
1641.59732	5
1642.42165	4
1643.24599	9
1644.07036	10
1644.89476	11
1645.71917	10
1646.54362	4
1647.36808	11
1648.19257	9
1649.01708	13
1649.84161	7
1650.66617	6
1651.49076	11
1652.31536	13
1653.13999	9
1653.96464	10
1654.78932	19
1655.61402	13
1656.43874	20
1657.26349	18
1658.08826	15
1658.91305	19
1659.73787	14
1660.56271	9
1661.38758	11
1662.21247	15
1663.03738	7
1663.86231	11
1664.68727	5
1665.51226	9
1666.33726	13
1667.16229	6
1667.98735	5
1668.81242	15
1669.63752	8
1670.46265	6
1671.28779	6
1672.11297	16
1672.93816	10
1673.76338	13
1674.58862	9
1675.41389	7
1676.23917	12
1677.06449	11
1677.88982	8
1678.71518	12
1679.54057	7
1680.36597	9
1681.1914	12
1682.01686	8
1682.84233	10
1683.66783	12
1684.49336	9
1685.31891	10
1686.14448	6
1686.97007	6
1687.79569	12
1688.62134	6
1689.447	12
1690.27269	6
1691.0984	10
1691.92414	11
1692.7499	10
1693.57568	10
1694.40149	7
1695.22732	14
1696.05318	10
1696.87905	12
1697.70495	10
1698.53088	11
1699.35683	13
1700.1828	12
1701.0088	11
1701.83482	14
1702.66086	10
1703.48692	12
1704.31301	5
1705.13913	9
1705.96526	8
1706.79143	8
1707.61761	8
1708.44382	10
1709.27005	9
1710.0963	8
1710.92258	7
1711.74888	11
1712.57521	10
1713.40156	13
1714.22793	9
1715.05433	5
1715.88075	11
1716.70719	10
1717.53366	6
1718.36015	9
1719.18666	11
1720.0132	15
1720.83976	16
1721.66634	15
1722.49295	13
1723.31958	16
1724.14624	12
1724.97292	20
1725.79962	19
1726.62635	8
1727.4531	5
1728.27987	12
1729.10666	8
1729.93349	3
1730.76033	9
1731.5872	5
1732.41409	4
1733.241	12
1734.06794	9
1734.8949	13
1735.72189	11
1736.54889	10
1737.37593	10
1738.20298	15
1739.03006	15
1739.85716	11
1740.68429	8
1741.51144	5
1742.33861	10
1743.16581	6
1743.99303	16
1744.82028	10
1745.64754	6
1746.47484	8
1747.30215	8
1748.12949	8
1748.95685	7
1749.78424	10
1750.61165	7
1751.43908	10
1752.26653	5
1753.09401	13
1753.92152	24
1754.74904	25
1755.57659	31
1756.40417	40
1757.23177	48
1758.05939	74
1758.88703	46
1759.7147	45
1760.54239	33
1761.37011	17
1762.19785	10
1763.02561	12
1763.8534	11
1764.6812	7
1765.50904	7
1766.33689	8
1767.16477	7
1767.99268	11
1768.82061	9
1769.64856	9
1770.47653	10
1771.30453	5
1772.13255	8
1772.9606	8
1773.78867	9
1774.61676	11
1775.44487	10
1776.27301	5
1777.10118	9
1777.92936	8
1778.75757	5
1779.58581	10
1780.41406	15
1781.24234	8
1782.07065	9
1782.89898	9
1783.72733	16
1784.5557	11
1785.3841	8
1786.21252	8
1787.04097	2
1787.86944	10
1788.69793	6
1789.52645	5
1790.35499	6
1791.18355	8
1792.01214	9
1792.84075	8
1793.66938	7
1794.49804	13
1795.32672	9
1796.15543	9
1796.98415	8
1797.81291	8
1798.64168	7
1799.47048	13
1800.2993	13
1801.12815	9
1801.95702	9
1802.78591	7
1803.61483	9
1804.44377	10
1805.27273	3
1806.10172	2
1806.93073	4
1807.75977	5
1808.58882	7
1809.41791	9
1810.24701	9
1811.07614	9
1811.90529	6
1812.73447	10
1813.56367	8
1814.39289	10
1815.22214	9
1816.05141	8
1816.8807	9
1817.71002	5
1818.53936	11
1819.36872	5
1820.19811	11
1821.02752	11
1821.85696	12
1822.68642	9
1823.5159	10
1824.34541	4
1825.17493	8
1826.00449	14
1826.83406	9
1827.66366	10
1828.49329	8
1829.32293	11
1830.15261	11
1830.9823	10
1831.81202	12
1832.64176	9
1833.47152	12
1834.30131	4
1835.13112	6
1835.96096	9
1836.79082	9
1837.6207	14
1838.45061	10
1839.28054	7
1840.11049	12
1840.94047	13
1841.77047	18
1842.60049	13
1843.43054	11
1844.26061	13
1845.09071	10
1845.92082	8
1846.75097	9
1847.58113	15
1848.41132	11
1849.24153	7
1850.07177	15
1850.90203	8
1851.73231	11
1852.56262	8
1853.39295	10
1854.2233	6
1855.05368	17
1855.88408	10
1856.7145	7
1857.54495	13
1858.37542	9
1859.20592	4
1860.03644	9
1860.86698	14
1861.69755	8
1862.52814	13
1863.35875	6
1864.18939	8
1865.02005	10
1865.85073	14
1866.68144	15
1867.51217	16
1868.34292	9
1869.1737	11
1870.0045	7
1870.83533	8
1871.66617	8
1872.49705	8
1873.32794	8
1874.15886	14
1874.9898	7
1875.82077	12
1876.65176	4
1877.48277	3
1878.31381	11
1879.14487	9
1879.97596	12
1880.80706	15
1881.63819	3
1882.46935	9
1883.30053	12
1884.13173	13
1884.96295	6
1885.7942	15
1886.62548	15
1887.45677	11
1888.28809	9
1889.11944	13
1889.9508	9
1890.78219	5
1891.61361	8
1892.44504	8
1893.27651	14
1894.10799	11
1894.9395	10
1895.77103	7
1896.60259	9
1897.43416	7
1898.26577	7
1899.09739	12
1899.92904	4
1900.76071	7
1901.59241	8
1902.42413	9
1903.25588	6
1904.08764	8
1904.91943	17
1905.75125	3
1906.58309	12
1907.41495	10
1908.24683	14
1909.07874	8
1909.91067	7
1910.74263	14
1911.57461	12
1912.40661	7
1913.23864	9
1914.07069	11
1914.90276	7
1915.73486	7
1916.56698	13
1917.39912	5
1918.23129	8
1919.06348	14
1919.8957	3
1920.72794	4
1921.5602	17
1922.39248	10
1923.22479	9
1924.05713	9
1924.88948	9
1925.72186	7
1926.55426	8
1927.38669	11
1928.21914	5
1929.05162	4
1929.88411	13
1930.71663	5
1931.54918	11
1932.38175	7
1933.21434	7
1934.04696	16
1934.87959	9
1935.71226	9
1936.54494	13
1937.37765	7
1938.21039	4
1939.04314	13
1939.87592	12
1940.70873	5
1941.54155	9
1942.3744	4
1943.20728	9
1944.04018	6
1944.8731	6
1945.70604	13
1946.53901	8
1947.37201	7
1948.20502	8
1949.03806	14
1949.87112	9
1950.70421	8
1951.53732	7
1952.37045	8
1953.20361	9
1954.03679	5
1954.87	6
1955.70322	10
1956.53648	8
1957.36975	6
1958.20305	4
1959.03637	4
1959.86972	11
1960.70309	9
1961.53648	14
1962.36989	6
1963.20333	5
1964.0368	12
1964.87029	7
1965.7038	8
1966.53733	6
1967.37089	12
1968.20447	4
1969.03807	6
1969.8717	6
1970.70535	7
1971.53903	6
1972.37273	10
1973.20645	11
1974.0402	5
1974.87397	8
1975.70776	10
1976.54158	10
1977.37542	8
1978.20928	7
1979.04317	10
1979.87708	8
1980.71101	7
1981.54497	16
1982.37895	4
1983.21296	6
1984.04699	8
1984.88104	5
1985.71512	15
1986.54922	8
1987.38334	7
1988.21749	8
1989.05166	9
1989.88585	16
1990.72007	10
1991.55431	5
1992.38857	7
1993.22286	10
1994.05717	3
1994.89151	7
1995.72587	13
1996.56025	10
1997.39465	7
1998.22908	8
1999.06354	6
1999.89801	7
2000.73251	10
2001.56704	9
2002.40158	2
2003.23615	10
2004.07075	8
2004.90537	6
2005.74001	10
2006.57467	8
2007.40936	10
2008.24407	14
2009.07881	8
2009.91357	6
2010.74835	8
2011.58316	9
2012.41799	7
2013.25284	5
2014.08772	8
2014.92262	5
2015.75754	6
2016.59249	11
2017.42746	10
2018.26246	12
2019.09747	8
2019.93252	8
2020.76758	9
2021.60267	10
2022.43778	8
2023.27292	6
2024.10808	9
2024.94326	13
2025.77847	8
2026.6137	4
2027.44895	6
2028.28423	9
2029.11953	5
2029.95485	8
2030.7902	8
2031.62557	4
2032.46097	8
2033.29639	10
2034.13183	7
2034.9673	5
2035.80279	14
2036.6383	4
2037.47384	2
2038.3094	6
2039.14498	11
2039.98059	8
2040.81622	13
2041.65187	9
2042.48755	6
2043.32325	4
2044.15898	10
2044.99472	12
2045.8305	11
2046.66629	12
2047.50211	8
2048.33795	13
2049.17382	7
2050.00971	5
2050.84562	9
2051.68156	7
2052.51752	10
2053.35351	10
2054.18951	9
2055.02554	5
2055.8616	4
2056.69768	11
2057.53378	5
2058.36991	6
2059.20605	10
2060.04223	6
2060.87842	4
2061.71464	10
2062.55089	11
2063.38715	7
2064.22344	10
2065.05976	5
2065.8961	2
2066.73246	9
2067.56884	8
2068.40525	8
2069.24168	6
2070.07814	8
2070.91461	10
2071.75112	10
2072.58764	9
2073.42419	9
2074.26077	10
2075.09736	4
2075.93398	6
2076.77063	4
2077.60729	9
2078.44398	6
2079.2807	7
2080.11744	3
2080.9542	6
2081.79098	11
2082.62779	11
2083.46462	7
2084.30148	9
2085.13836	9
2085.97526	8
2086.81219	13
2087.64914	8
2088.48611	4
2089.32311	7
2090.16013	15
2090.99717	9
2091.83424	18
2092.67133	27
2093.50845	23
2094.34559	42
2095.18275	35
2096.01994	46
2096.85714	37
2097.69438	33
2098.53163	29
2099.36891	13
2100.20622	15
2101.04354	10
2101.88089	10
2102.71827	14
2103.55567	17
2104.39309	8
2105.23053	7
2106.068	10
2106.90549	9
2107.74301	12
2108.58055	10
2109.41811	15
2110.25569	16
2111.0933	16
2111.93094	8
2112.76859	10
2113.60627	10
2114.44398	11
2115.28171	11
2116.11946	8
2116.95723	6
2117.79503	7
2118.63285	7
2119.4707	11
2120.30857	11
2121.14646	7
2121.98437	5
2122.82231	5
2123.66028	15
2124.49826	8
2125.33627	9
2126.17431	9
2127.01236	8
2127.85044	9
2128.68855	10
2129.52668	3
2130.36483	12
2131.203	6
2132.0412	13
2132.87942	5
2133.71767	8
2134.55594	8
2135.39423	5
2136.23255	17
2137.07089	7
2137.90925	11
2138.74764	13
2139.58605	9
2140.42448	6
2141.26294	11
2142.10142	3
2142.93993	10
2143.77846	6
2144.61701	15
2145.45558	7
2146.29418	5
2147.1328	5
2147.97145	11
2148.81012	13
2149.64881	10
2150.48753	8
2151.32627	13
2152.16503	8
2153.00382	4
2153.84263	9
2154.68147	8
2155.52033	10
2156.35921	7
2157.19811	6
2158.03704	9
2158.87599	13
2159.71497	6
2160.55397	9
2161.39299	10
2162.23204	5
2163.07111	4
2163.9102	11
2164.74932	7
2165.58846	6
2166.42763	6
2167.26681	11
2168.10603	11
2168.94526	11
2169.78452	4
2170.6238	7
2171.46311	7
2172.30244	11
2173.14179	8
2173.98117	14
2174.82057	11
2175.65999	11
2176.49944	13
2177.33891	10
2178.1784	8
2179.01792	6
2179.85746	8
2180.69703	12
2181.53662	10
2182.37623	10
2183.21586	5
2184.05552	11
2184.8952	7
2185.73491	10
2186.57464	10
2187.41439	4
2188.25417	7
2189.09397	7
2189.9338	9
2190.77364	16
2191.61351	8
2192.45341	14
2193.29333	12
2194.13327	15
2194.97323	33
2195.81322	26
2196.65324	24
2197.49327	24
2198.33333	17
2199.17342	9
2200.01352	11
2200.85365	9
2201.69381	9
2202.53398	10
2203.37418	8
2204.21441	12
2205.05466	11
2205.89493	8
2206.73522	5
2207.57554	6
2208.41589	11
2209.25625	6
2210.09664	17
2210.93705	9
2211.77749	10
2212.61795	14
2213.45843	8
2214.29894	10
2215.13947	5
2215.98003	8
2216.8206	10
2217.66121	8
2218.50183	13
2219.34248	9
2220.18315	10
2221.02385	7
2221.86457	9
2222.70531	11
2223.54608	12
2224.38687	12
2225.22768	8
2226.06852	8
2226.90938	11
2227.75026	12
2228.59117	7
2229.4321	6
2230.27306	12
2231.11403	9
2231.95504	7
2232.79606	11
2233.63711	11
2234.47818	4
2235.31928	9
2236.1604	11
2237.00154	13
2237.84271	4
2238.6839	5
2239.52511	8
2240.36635	7
2241.20761	17
2242.0489	13
2242.8902	11
2243.73154	12
2244.57289	11
2245.41427	13
2246.25567	7
2247.0971	8
2247.93855	4
2248.78002	17
2249.62152	11
2250.46304	14
2251.30458	8
2252.14615	5
2252.98774	11
2253.82936	10
2254.67099	11
2255.51265	12
2256.35434	10
2257.19605	7
2258.03778	6
2258.87954	15
2259.72132	7
2260.56312	6
2261.40495	5
2262.2468	6
2263.08867	9
2263.93057	7
2264.77249	11
2265.61443	7
2266.4564	14
2267.29839	11
2268.14041	8
2268.98244	8
2269.82451	11
2270.66659	9
2271.5087	12
2272.35083	13
2273.19299	12
2274.03517	11
2274.87737	12
2275.7196	11
2276.56185	7
2277.40412	12
2278.24642	16
2279.08874	14
2279.93109	12
2280.77346	9
2281.61585	5
2282.45826	12
2283.3007	14
2284.14317	19
2284.98565	10
2285.82816	9
2286.67069	7
2287.51325	9
2288.35583	11
2289.19844	12
2290.04106	13
2290.88371	16
2291.72639	10
2292.56909	13
2293.41181	14
2294.25455	12
2295.09732	9
2295.94011	16
2296.78293	8
2297.62577	10
2298.46863	12
2299.31152	9
2300.15443	12
2300.99736	14
2301.84032	5
2302.6833	13
2303.52631	11
2304.36933	8
2305.21239	15
2306.05546	13
2306.89856	13
2307.74168	10
2308.58483	9
2309.428	11
2310.27119	12
2311.11441	15
2311.95765	11
2312.80091	11
2313.6442	12
2314.48751	7
2315.33084	14
2316.1742	6
2317.01758	10
2317.86098	15
2318.70441	11
2319.54786	16
2320.39134	13
2321.23484	13
2322.07836	12
2322.92191	11
2323.76548	13
2324.60907	11
2325.45269	14
2326.29633	15
2327.13999	7
2327.98368	10
2328.82739	8
2329.67113	14
2330.51488	11
2331.35867	13
2332.20247	13
2333.0463	7
2333.89015	12
2334.73403	15
2335.57793	9
2336.42185	17
2337.2658	14
2338.10977	12
2338.95376	11
2339.79778	14
2340.64182	15
2341.48588	15
2342.32997	17
2343.17408	9
2344.01822	15
2344.86238	12
2345.70656	8
2346.55077	17
2347.395	14
2348.23925	14
2349.08353	10
2349.92783	17
2350.77215	9
2351.6165	15
2352.46087	7
2353.30526	18
2354.14968	11
2354.99412	5
2355.83859	7
2356.68307	15
2357.52759	17
2358.37212	18
2359.21668	14
2360.06126	5
2360.90587	8
2361.7505	11
2362.59515	12
2363.43983	12
2364.28453	20
2365.12925	14
2365.974	13
2366.81877	15
2367.66357	9
2368.50839	13
2369.35323	21
2370.19809	8
2371.04298	12
2371.8879	11
2372.73283	10
2373.57779	15
2374.42277	9
2375.26778	14
2376.11281	6
2376.95787	11
2377.80294	15
2378.64804	13
2379.49317	11
2380.33832	9
2381.18349	8
2382.02868	11
2382.8739	7
2383.71914	11
2384.56441	8
2385.4097	9
2386.25501	9
2387.10035	5
2387.94571	6
2388.79109	6
2389.6365	8
2390.48193	6
2391.32739	10
2392.17286	11
2393.01837	4
2393.86389	7
2394.70944	10
2395.55501	6
2396.40061	5
2397.24623	6
2398.09187	4
2398.93754	2
2399.78323	5
2400.62894	11
2401.47468	8
2402.32044	5
2403.16622	6
2404.01203	7
2404.85786	6
2405.70372	8
2406.54959	5
2407.3955	7
2408.24142	8
2409.08737	10
2409.93334	7
2410.77934	5
2411.62536	7
2412.4714	7
2413.31747	11
2414.16356	8
2415.00967	5
2415.85581	5
2416.70197	6
2417.54816	10
2418.39437	7
2419.2406	7
2420.08685	5
2420.93313	6
2421.77943	4
2422.62576	4
2423.47211	4
2424.31848	2
2425.16488	3
2426.0113	4
2426.85774	8
2427.70421	8
2428.5507	13
2429.39722	8
2430.24375	4
2431.09032	12
2431.9369	6
2432.78351	8
2433.63014	7
2434.4768	5
2435.32348	7
2436.17018	4
2437.01691	7
2437.86366	9
2438.71043	16
2439.55723	11
2440.40405	5
2441.25089	6
2442.09776	15
2442.94465	9
2443.79157	6
2444.6385	10
2445.48547	6
2446.33245	6
2447.17946	8
2448.02649	9
2448.87355	7
2449.72063	8
2450.56773	6
2451.41486	4
2452.26201	4
2453.10919	3
2453.95638	5
2454.8036	4
2455.65085	7
2456.49812	5
2457.34541	7
2458.19273	3
2459.04006	3
2459.88743	6
2460.73481	4
2461.58222	6
2462.42966	7
2463.27711	9
2464.12459	3
2464.9721	5
2465.81962	4
2466.66718	2
2467.51475	1
2468.36235	5
2469.20997	5
2470.05762	2
2470.90528	1
2471.75298	3
2472.60069	1
2473.44843	6
2474.29619	1
2475.14398	6
2475.99179	2
2476.83963	4
2477.68748	7
2478.53536	4
2479.38327	1
2480.2312	6
2481.07915	5
2481.92712	4
2482.77512	6
2483.62314	3
2484.47119	4
2485.31926	4
2486.16735	1
2487.01547	2
2487.86361	5
2488.71177	5
2489.55996	2
2490.40817	1
2491.2564	4
2492.10466	1
2492.95294	4
2493.80125	3
2494.64958	7
2495.49793	5
2496.3463	0
2497.1947	3
2498.04312	6
2498.89157	4
2499.74004	5
2500.58853	2
2501.43705	0
2502.28559	2
2503.13416	3
2503.98274	6
2504.83135	3
2505.67999	2
2506.52865	3
2507.37733	1
2508.22603	3
2509.07476	2
2509.92352	1
2510.77229	6
2511.62109	1
2512.46991	1
2513.31876	1
2514.16763	1
2515.01653	1
2515.86544	4
2516.71438	4
2517.56335	2
2518.41234	2
2519.26135	0
2520.11038	2
2520.95944	3
2521.80852	3
2522.65763	1
2523.50676	3
2524.35591	1
2525.20509	3
2526.05429	2
2526.90351	2
2527.75276	1
2528.60203	0
2529.45132	2
2530.30064	1
2531.14998	3
2531.99935	4
2532.84874	1
2533.69815	3
2534.54758	1
2535.39704	0
2536.24653	2
2537.09603	0
2537.94556	2
2538.79512	3
2539.64469	2
2540.49429	0
2541.34392	2
2542.19357	1
2543.04324	1
2543.89293	1
2544.74265	2
2545.59239	1
2546.44216	3
2547.29195	3
2548.14176	4
2548.9916	3
2549.84146	0
2550.69134	2
2551.54125	2
2552.39118	1
2553.24113	6
2554.09111	3
2554.94111	1
2555.79113	1
2556.64118	2
2557.49125	2
2558.34135	2
2559.19147	0
2560.04161	3
2560.89177	1
2561.74196	1
2562.59218	2
2563.44241	5
2564.29267	0
2565.14296	1
2565.99327	2
2566.8436	2
2567.69395	4
2568.54433	6
2569.39473	3
2570.24516	3
2571.0956	2
2571.94608	3
2572.79657	2
2573.64709	5
2574.49763	3
2575.3482	0
2576.19879	0
2577.0494	2
2577.90004	2
2578.7507	0
2579.60139	1
2580.45209	4
2581.30282	1
2582.15358	6
2583.00436	0
2583.85516	3
2584.70599	2
2585.55683	5
2586.40771	0
2587.2586	3
2588.10952	2
2588.96047	0
2589.81143	2
2590.66242	3
2591.51344	2
2592.36448	4
2593.21554	1
2594.06662	1
2594.91773	1
2595.76886	1
2596.62002	3
2597.4712	1
2598.3224	4
2599.17362	10
2600.02487	13
2600.87615	29
2601.72744	56
2602.57876	89
2603.43011	116
2604.28148	181
2605.13287	247
2605.98428	298
2606.83572	238
2607.68718	209
2608.53867	157
2609.39017	93
2610.24171	41
2611.09326	11
2611.94484	4
2612.79645	5
2613.64807	1
2614.49972	1
2615.3514	1
2616.20309	1
2617.05481	0
2617.90656	0
2618.75833	0
2619.61012	0
2620.46193	0
2621.31377	0
2622.16563	0
2623.01752	0
2623.86943	1
2624.72136	0
2625.57332	0
2626.4253	0
2627.2773	1
2628.12933	1
2628.98138	1
2629.83345	0
2630.68555	0
2631.53767	0
2632.38982	0
2633.24198	1
2634.09418	0
2634.94639	0
2635.79863	0
2636.65089	0
2637.50318	0
2638.35549	1
2639.20782	0
2640.06018	0
2640.91256	0
2641.76496	0
2642.61739	0
2643.46984	0
2644.32232	0
2645.17481	0
2646.02734	0
2646.87988	0
2647.73245	0
2648.58504	0
2649.43766	0
2650.2903	0
2651.14296	0
2651.99565	0
2652.84836	0
2653.70109	0
2654.55385	0
2655.40663	0
2656.25943	1
2657.11226	0
2657.96511	0
2658.81799	0
2659.67089	1
2660.52381	0
2661.37676	0
2662.22972	0
2663.08272	0
2663.93573	0
2664.78877	0
2665.64184	0
2666.49492	0
2667.34804	1
2668.20117	1
2669.05433	0
2669.90751	0
2670.76071	0
2671.61394	0
2672.46719	0
2673.32047	0
2674.17377	0
2675.02709	0
2675.88044	0
2676.73381	0
2677.5872	0
2678.44062	0
2679.29406	0
2680.14752	1
2681.00101	0
2681.85452	1
2682.70806	1
2683.56161	0
2684.4152	0
2685.2688	1
2686.12243	0
2686.97608	0
2687.82976	0
2688.68346	0
2689.53718	0
2690.39093	0
2691.2447	0
2692.09849	0
2692.95231	0
2693.80615	1
2694.66002	0
2695.5139	0
2696.36782	0
2697.22175	0
2698.07571	0
2698.92969	0
2699.7837	0
2700.63773	0
2701.49178	0
2702.34586	0
2703.19996	0
2704.05408	0
2704.90823	0
2705.7624	0
2706.61659	0
2707.47081	0
2708.32505	0
2709.17932	0
2710.03361	0
2710.88792	0
2711.74225	0
2712.59661	0
2713.451	0
2714.3054	0
2715.15983	0
2716.01428	0
2716.86876	0
2717.72326	0
2718.57779	0
2719.43233	0
2720.28691	0
2721.1415	0
2721.99612	0
2722.85076	0
2723.70543	0
2724.56012	0
2725.41483	1
2726.26956	0
2727.12432	0
2727.97911	0
2728.83391	0
2729.68874	0
2730.5436	0
2731.39848	0
2732.25338	0
2733.1083	0
2733.96325	0
2734.81822	0
2735.67322	0
2736.52824	0
2737.38328	0
2738.23834	0
2739.09343	0
2739.94855	1
2740.80368	0
2741.65884	0
2742.51403	0
2743.36923	0
2744.22447	0
2745.07972	0
2745.935	0
2746.7903	0
2747.64562	0
2748.50097	0
2749.35634	0
2750.21174	1
2751.06716	0
2751.9226	0
2752.77807	1
2753.63356	0
2754.48907	0
2755.34461	0
2756.20017	0
2757.05576	0
2757.91136	0
2758.76699	0
2759.62265	0
2760.47833	0
2761.33403	0
2762.18976	0
2763.0455	0
2763.90128	0
2764.75707	0
2765.61289	0
2766.46874	0
2767.3246	0
2768.18049	0
2769.03641	0
2769.89235	0
2770.74831	0
2771.60429	0
2772.4603	0
2773.31633	0
2774.17239	0
2775.02847	0
2775.88457	1
2776.74069	0
2777.59684	0
2778.45302	0
2779.30921	0
2780.16543	1
2781.02168	0
2781.87795	0
2782.73424	0
2783.59055	1
2784.44689	0
2785.30325	0
2786.15964	0
2787.01604	0
2787.87248	0
2788.72893	0
2789.58541	0
2790.44192	0
2791.29844	0
2792.15499	0
2793.01157	0
2793.86816	0
2794.72478	1
2795.58143	0
2796.4381	0
2797.29479	0
2798.1515	0
2799.00824	0
2799.865	1
2800.72179	1
2801.5786	0
2802.43543	0
2803.29229	0
2804.14917	0
2805.00607	0
2805.863	0
2806.71995	0
2807.57692	0
2808.43392	0
2809.29094	0
2810.14799	1
2811.00505	0
2811.86215	0
2812.71926	0
2813.5764	0
2814.43356	0
2815.29075	0
2816.14796	0
2817.00519	0
2817.86245	0
2818.71973	0
2819.57703	0
2820.43436	0
2821.29171	0
2822.14909	0
2823.00649	0
2823.86391	0
2824.72135	0
2825.57882	0
2826.43631	0
2827.29383	0
2828.15137	0
2829.00893	1
2829.86652	0
2830.72413	0
2831.58176	0
2832.43942	0
2833.2971	0
2834.15481	0
2835.01253	0
2835.87029	0
2836.72806	0
2837.58586	0
2838.44368	0
2839.30153	0
2840.1594	0
2841.01729	0
2841.87521	0
2842.73315	0
2843.59111	0
2844.4491	0
2845.30711	0
2846.16514	0
2847.0232	0
2847.88128	0
2848.73939	0
2849.59751	0
2850.45567	0
2851.31384	0
2852.17204	0
2853.03026	0
2853.88851	0
2854.74678	1
2855.60507	0
2856.46339	0
2857.32173	0
2858.18009	0
2859.03848	0
2859.89689	0
2860.75533	0
2861.61379	0
2862.47227	0
2863.33077	0
2864.1893	0
2865.04786	0
2865.90643	0
2866.76503	0
2867.62365	0
2868.4823	0
2869.34097	0
2870.19966	0
2871.05838	0
2871.91712	0
2872.77589	0
2873.63468	0
2874.49349	0
2875.35232	0
2876.21118	0
2877.07006	0
2877.92897	0
2878.7879	0
2879.64685	0
2880.50583	0
2881.36483	0
2882.22385	0
2883.0829	0
2883.94197	0
2884.80106	0
2885.66018	0
2886.51932	0
2887.37849	0
2888.23768	0
2889.09689	0
2889.95613	0
2890.81539	0
2891.67467	0
2892.53397	0
2893.3933	0
2894.25266	0
2895.11203	1
2895.97144	0
2896.83086	0
2897.69031	0
2898.54978	0
2899.40927	0
2900.26879	0
2901.12833	0
2901.9879	0
2902.84749	0
2903.7071	0
2904.56674	0
2905.4264	0
2906.28608	0
2907.14579	0
2908.00552	0
2908.86527	0
2909.72505	0
2910.58485	0
2911.44467	0
2912.30452	0
2913.16439	0
2914.02429	0
2914.88421	0
2915.74415	0
2916.60412	1
2917.46411	0
2918.32412	0
2919.18416	0
2920.04422	0
2920.9043	0
2921.76441	0
2922.62454	0
2923.48469	0
2924.34487	0
2925.20507	0
2926.0653	0
2926.92555	0
2927.78582	0
2928.64611	0
2929.50643	0
2930.36678	0
2931.22714	1
2932.08753	0
2932.94795	0
2933.80838	0
2934.66884	0
2935.52933	0
2936.38984	0
2937.25037	0
2938.11092	0
2938.9715	0
2939.8321	0
2940.69273	0
2941.55338	0
2942.41405	0
2943.27475	0
2944.13547	0
2944.99621	0
2945.85698	0
2946.71777	0
2947.57858	0
2948.43942	0
2949.30028	0
2950.16117	0
2951.02207	1
2951.88301	2
2952.74396	0
2953.60494	0
2954.46594	0
2955.32697	0
2956.18802	0
2957.04909	0
2957.91019	0
2958.77131	0
2959.63245	1
2960.49362	0
2961.35481	0
2962.21603	1
2963.07726	0
2963.93853	0
2964.79981	0
2965.66112	0
2966.52245	0
2967.38381	0
2968.24519	0
2969.10659	0
2969.96802	0
2970.82947	0
2971.69094	0
2972.55244	1
2973.41396	0
2974.2755	0
2975.13707	0
2975.99866	0
2976.86028	0
2977.72192	0
2978.58358	0
2979.44526	0
2980.30697	0
2981.16871	0
2982.03046	0
2982.89224	0
2983.75405	0
2984.61587	0
2985.47772	0
2986.3396	0
2987.2015	1
2988.06342	0
2988.92536	0
2989.78733	0
2990.64932	0
2991.51134	0
2992.37338	0
2993.23544	0
2994.09753	0
2994.95963	0
2995.82177	0
2996.68393	0
2997.54611	0
2998.40831	0
2999.27054	0
3000.13279	0
3000.99506	0
3001.85736	0
3002.71968	0
3003.58203	1
3004.4444	0
3005.30679	0
3006.16921	0
3007.03165	0
3007.89411	0
3008.75659	0
3009.61911	2
3010.48164	0
3011.3442	0
3012.20678	0
3013.06938	0
3013.93201	0
3014.79466	0
3015.65734	0
3016.52004	0
3017.38276	0
3018.2455	0
3019.10827	2
3019.97107	0
3020.83388	1
3021.69672	0
3022.55959	0
3023.42247	0
3024.28538	0
3025.14832	0
3026.01128	0
3026.87426	0
3027.73726	0
3028.60029	0
3029.46334	0
3030.32642	0
3031.18952	0
3032.05264	0
3032.91579	0
3033.77896	1
3034.64215	0
3035.50537	0
3036.36861	0
3037.23187	0
3038.09516	0
3038.95847	0
3039.8218	0
3040.68516	0
3041.54854	0
3042.41195	0
3043.27538	0
3044.13883	0
3045.00231	0
3045.86581	0
3046.72933	0
3047.59288	0
3048.45645	0
3049.32004	1
3050.18366	0
3051.0473	0
3051.91096	0
3052.77465	0
3053.63836	1
3054.5021	0
3055.36586	0
3056.22964	0
3057.09345	0
3057.95728	0
3058.82113	0
3059.68501	0
3060.54891	1
3061.41283	0
3062.27678	0
3063.14075	0
3064.00474	0
3064.86876	0
3065.7328	0
3066.59687	0
3067.46096	0
3068.32507	0
3069.1892	0
3070.05336	0
3070.91755	0
3071.78175	0
3072.64598	0
3073.51024	0
3074.37451	0
3075.23881	0
3076.10314	0
3076.96748	0
3077.83186	1
3078.69625	0
3079.56067	0
3080.42511	0
3081.28958	0
3082.15407	0
3083.01858	0
3083.88311	0
3084.74767	0
3085.61226	0
3086.47686	0
3087.3415	0
3088.20615	0
3089.07083	0
3089.93553	0
3090.80025	0
3091.665	0
3092.52977	0
3093.39457	0
3094.25939	0
3095.12423	0
3095.9891	0
3096.85398	0
3097.7189	0
3098.58383	0
3099.44879	0
3100.31378	0
3101.17879	0
3102.04382	0
3102.90887	0
3103.77395	0
3104.63905	0
3105.50418	0
3106.36932	0
3107.2345	0
3108.09969	0
3108.96491	0
3109.83016	0
3110.69542	0
3111.56071	0
3112.42603	0
3113.29136	0
3114.15672	0
3115.02211	0
3115.88752	0
3116.75295	0
3117.6184	0
3118.48388	0
3119.34938	0
3120.21491	0
3121.08046	0
3121.94603	0
3122.81163	0
3123.67725	0
3124.54289	0
3125.40856	0
3126.27425	0
3127.13996	0
3128.0057	0
3128.87146	0
3129.73724	0
3130.60305	0
3131.46888	0
3132.33474	0
3133.20062	0
3134.06652	0
3134.93245	0
3135.7984	0
3136.66437	0
3137.53037	0
3138.39639	0
3139.26243	0
3140.1285	0
3140.99459	0
3141.8607	0
3142.72684	0
3143.593	0
3144.45919	0
3145.3254	0
3146.19163	0
3147.05789	0
3147.92417	0
3148.79047	0
3149.6568	0
3150.52315	0
3151.38952	0
3152.25592	0
3153.12234	0
3153.98878	0
3154.85525	0
3155.72174	0
3156.58826	0
3157.4548	0
3158.32136	0
3159.18794	0
3160.05455	0
3160.92119	0
3161.78784	1
3162.65452	0
3163.52123	0
3164.38795	0
3165.2547	0
3166.12148	0
3166.98828	0
3167.8551	0
3168.72194	0
3169.58881	0
3170.4557	0
3171.32262	0
3172.18956	0
3173.05652	0
3173.92351	0
3174.79052	0
3175.65755	0
3176.52461	0
3177.39169	1
3178.25879	0
3179.12592	0
3179.99307	0
3180.86024	0
3181.72744	0
3182.59466	0
3183.46191	0
3184.32918	0
3185.19647	0
3186.06379	0
3186.93113	0
3187.79849	0
3188.66588	0
3189.53329	0
3190.40072	0
3191.26818	0
3192.13566	0
3193.00316	0
3193.87069	0
3194.73824	0
3195.60582	0
3196.47342	0
3197.34104	0
3198.20868	0
3199.07635	0
3199.94405	0
3200.81176	0
3201.6795	0
3202.54727	0
3203.41505	0
3204.28286	0
3205.1507	0
3206.01856	0
3206.88644	0
3207.75434	0
3208.62227	0
3209.49022	0
3210.3582	0
3211.2262	0
3212.09422	0
3212.96227	0
3213.83034	0
3214.69843	0
3215.56655	0
3216.43469	0
3217.30285	0
3218.17104	0
3219.03925	0
3219.90749	0
3220.77574	0
3221.64403	0
3222.51233	0
3223.38066	0
3224.24901	0
3225.11739	0
3225.98579	0
3226.85421	0
3227.72266	0
3228.59113	0
3229.45962	0
3230.32814	0
3231.19668	0
3232.06525	0
3232.93383	0
3233.80245	0
3234.67108	0
3235.53974	0
3236.40842	0
3237.27713	0
3238.14586	0
3239.01461	0
3239.88339	0
3240.75219	0
3241.62101	0
3242.48986	0
3243.35873	0
3244.22762	0
3245.09654	0
3245.96548	0
3246.83445	0
3247.70344	0
3248.57245	0
3249.44149	0
3250.31054	0
3251.17963	0
3252.04873	0
3252.91786	0
3253.78702	0
3254.65619	0
3255.52539	0
3256.39462	1
3257.26387	0
3258.13314	0
3259.00243	0
3259.87175	0
3260.74109	0
3261.61046	0
3262.47985	0
3263.34926	0
3264.2187	0
3265.08816	0
3265.95764	0
3266.82715	1
3267.69668	0
3268.56623	0
3269.43581	0
3270.30541	1
3271.17504	0
3272.04468	0
3272.91436	0
3273.78405	0
3274.65377	0
3275.52351	0
3276.39328	0
3277.26307	0
3278.13288	0
3279.00272	0
3279.87258	0
3280.74246	0
3281.61237	0
3282.4823	0
3283.35225	0
3284.22223	0
3285.09223	0
3285.96226	0
3286.83231	0
3287.70238	1
3288.57248	1
3289.4426	0
3290.31274	0
3291.1829	0
3292.05309	0
3292.92331	0
3293.79355	0
3294.66381	0
3295.53409	0
3296.4044	0
3297.27473	0
3298.14508	0
3299.01546	0
3299.88587	0
3300.75629	0
3301.62674	0
3302.49721	0
3303.36771	2
3304.23823	0
3305.10877	1
3305.97934	0
3306.84993	0
3307.72054	0
3308.59118	0
3309.46184	0
3310.33253	0
3311.20324	0
3312.07397	0
3312.94472	0
3313.8155	0
3314.68631	0
3315.55713	0
3316.42798	0
3317.29885	0
3318.16975	0
3319.04067	0
3319.91162	0
3320.78258	0
3321.65357	0
3322.52459	0
3323.39563	0
3324.26669	0
3325.13777	0
3326.00888	0
3326.88002	0
3327.75117	1
3328.62235	0
3329.49355	1
3330.36478	0
3331.23603	0
3332.1073	0
3332.9786	0
3333.84992	0
3334.72127	0
3335.59263	0
3336.46403	0
3337.33544	0
3338.20688	0
3339.07834	0
3339.94983	0
3340.82134	0
3341.69287	0
3342.56443	0
3343.43601	0
3344.30761	0
3345.17924	0
3346.05089	1
3346.92256	0
3347.79426	0
3348.66598	0
3349.53773	0
3350.40949	0
3351.28129	0
3352.1531	0
3353.02494	0
3353.8968	0
3354.76869	0
3355.6406	0
3356.51253	0
3357.38449	0
3358.25647	0
3359.12847	0
3360.0005	0
3360.87255	0
3361.74463	0
3362.61673	0
3363.48885	0
3364.36099	0
3365.23316	0
3366.10535	0
3366.97757	0
3367.84981	0
3368.72207	0
3369.59436	0
3370.46667	0
3371.339	0
3372.21136	0
3373.08374	0
3373.95615	0
3374.82858	0
3375.70103	0
3376.5735	0
3377.446	0
3378.31852	0
3379.19107	0
3380.06364	0
3380.93623	0
