5.14045	0
5.9166	0
6.69277	0
7.46897	0
8.24518	0
9.02143	0
9.79769	0
10.57398	0
11.35029	0
12.12663	0
12.90299	0
13.67937	0
14.45578	0
15.23221	0
16.00866	0
16.78514	0
17.56164	0
18.33816	0
19.11471	0
19.89128	0
20.66788	0
21.44449	0
22.22114	0
22.9978	0
23.77449	0
24.5512	0
25.32794	0
26.1047	0
26.88148	0
27.65829	0
28.43512	0
29.21198	0
29.98885	0
30.76575	0
31.54268	0
32.31963	0
33.0966	0
33.87359	0
34.65061	0
35.42766	0
36.20472	0
36.98181	0
37.75893	0
38.53606	0
39.31322	0
40.09041	0
40.86761	0
41.64484	0
42.4221	0
43.19938	0
43.97668	0
44.754	0
45.53135	0
46.30873	0
47.08612	0
47.86354	0
48.64098	0
49.41845	0
50.19594	0
50.97345	0
51.75099	0
52.52855	0
53.30614	0
54.08374	0
54.86138	0
55.63903	0
56.41671	0
57.19441	0
57.97214	0
58.74989	0
59.52766	0
60.30546	0
61.08328	0
61.86112	0
62.63899	0
63.41688	0
64.19479	0
64.97273	12
65.75069	247
66.52867	1828
67.30668	2517
68.08472	2742
68.86277	2645
69.64085	3022
70.41895	3290
71.19708	3430
71.97523	3828
72.7534	3897
73.5316	3740
74.30982	3338
75.08806	2938
75.86633	2786
76.64462	2681
77.42294	2752
78.20127	2739
78.97964	2718
79.75802	2711
80.53643	2770
81.31486	3066
82.09332	3268
82.8718	3398
83.6503	3415
84.42883	3073
85.20738	2964
85.98595	2832
86.76455	2870
87.54317	2793
88.32182	2631
89.10048	2743
89.87917	2677
90.65789	2751
91.43663	2674
92.21539	2727
92.99418	2731
93.77299	2692
94.55182	2719
95.33068	2691
96.10956	2680
96.88846	2719
97.66739	2669
98.44634	2757
99.22531	2640
100.00431	2687
100.78333	2700
101.56238	2666
102.34144	2673
103.12054	2657
103.89965	2754
104.67879	2713
105.45795	2677
106.23714	2658
107.01635	2546
107.79558	2691
108.57484	2670
109.35412	2725
110.13342	2753
110.91275	2707
111.6921	2665
112.47148	2645
113.25088	2642
114.0303	2748
114.80974	2701
115.58921	2668
116.36871	2798
117.14822	2719
117.92776	2595
118.70732	2614
119.48691	2709
120.26652	2679
121.04616	2591
121.82581	2583
122.60549	2614
123.3852	2656
124.16493	2549
124.94468	2690
125.72445	2630
126.50425	2640
127.28407	2583
128.06392	2564
128.84379	2595
129.62368	2615
130.4036	2682
131.18354	2633
131.9635	2541
132.74349	2559
133.5235	2546
134.30354	2611
135.08359	2516
135.86368	2542
136.64378	2517
137.42391	2561
138.20406	2493
138.98424	2476
139.76444	2546
140.54466	2500
141.32491	2453
142.10518	2495
142.88547	2455
143.66579	2534
144.44613	2449
145.22649	2447
146.00688	2552
146.78729	2393
147.56772	2356
148.34818	2400
149.12866	2368
149.90917	2401
150.6897	2447
151.47025	2389
152.25083	2436
153.03143	2375
153.81205	2306
154.5927	2328
155.37337	2369
156.15406	2405
156.93478	2366
157.71552	2346
158.49629	2397
159.27707	2299
160.05789	2460
160.83872	2455
161.61958	2380
162.40046	2370
163.18137	2341
163.9623	2335
164.74325	2364
165.52423	2263
166.30523	2205
167.08625	2229
167.8673	2227
168.64837	2331
169.42946	2356
170.21058	2311
170.99172	2277
171.77289	2207
172.55408	2281
173.33529	2266
174.11653	2275
174.89779	2215
175.67907	2247
176.46038	2242
177.24171	2309
178.02306	2216
178.80444	2367
179.58584	2385
180.36726	2371
181.14871	2421
181.93018	2412
182.71168	2644
183.49319	2629
184.27474	2541
185.0563	2578
185.83789	2527
186.6195	2530
187.40114	2518
188.1828	2602
188.96448	2580
189.74619	2489
190.52792	2554
191.30967	2510
192.09145	2561
192.87325	2484
193.65508	2547
194.43693	2521
195.2188	2492
196.00069	2370
196.78261	2507
197.56456	2375
198.34652	2598
199.12851	2500
199.91052	2383
200.69256	2373
201.47462	2410
202.25671	2507
203.03881	2327
203.82094	2377
204.6031	2502
205.38528	2408
206.16748	2354
206.9497	2460
207.73195	2346
208.51422	2323
209.29652	2487
210.07884	2360
210.86118	2333
211.64355	2411
212.42594	2434
213.20835	2323
213.99079	2289
214.77325	2235
215.55574	2210
216.33824	2345
217.12078	2211
217.90333	2297
218.68591	2215
219.46851	2218
220.25114	2241
221.03379	2287
221.81646	2153
222.59916	2245
223.38188	2124
224.16462	2183
224.94739	2166
225.73018	2167
226.51299	2159
227.29583	2083
228.07869	2086
228.86158	2066
229.64448	2084
230.42742	2119
231.21037	2028
231.99335	1979
232.77635	2012
233.55938	2063
234.34243	2074
235.1255	2344
235.9086	2415
236.69172	2371
237.47486	2310
238.25803	2181
239.04122	2061
239.82444	1966
240.60768	1828
241.39094	1873
242.17422	1869
242.95753	1779
243.74086	1829
244.52422	1792
245.3076	1732
246.091	1771
246.87443	1785
247.65788	1778
248.44135	1783
249.22485	1805
250.00837	1754
250.79192	1767
251.57548	1708
252.35908	1747
253.14269	1716
253.92633	1754
254.70999	1793
255.49368	1803
256.27739	1776
257.06112	1696
257.84488	1685
258.62866	1732
259.41246	1719
260.19629	1754
260.98014	1687
261.76401	1713
262.54791	1658
263.33183	1649
264.11578	1696
264.89974	1710
265.68374	1585
266.46775	1711
267.25179	1769
268.03585	1623
268.81994	1695
269.60405	1720
270.38818	1665
271.17234	1681
271.95652	1624
272.74073	1704
273.52495	1670
274.3092	1670
275.09348	1692
275.87778	1680
276.6621	1619
277.44645	1702
278.23081	1626
279.01521	1596
279.79962	1583
280.58406	1613
281.36853	1678
282.15301	1677
282.93752	1579
283.72206	1623
284.50661	1601
285.2912	1567
286.0758	1595
286.86043	1532
287.64508	1609
288.42976	1618
289.21445	1606
289.99918	1659
290.78392	1661
291.56869	1649
292.35348	1725
293.1383	1676
293.92314	1639
294.70801	1674
295.49289	1601
296.2778	1633
297.06274	1575
297.8477	1596
298.63268	1610
299.41768	1564
300.20271	1646
300.98776	1565
301.77284	1565
302.55794	1634
303.34306	1609
304.12821	1487
304.91338	1522
305.69857	1532
306.48379	1533
307.26903	1613
308.05429	1486
308.83958	1512
309.62489	1592
310.41023	1622
311.19559	1574
311.98097	1551
312.76637	1522
313.5518	1497
314.33725	1599
315.12273	1606
315.90823	1548
316.69375	1549
317.4793	1606
318.26487	1548
319.05047	1561
319.83608	1508
320.62172	1583
321.40739	1517
322.19308	1516
322.97879	1576
323.76452	1530
324.55028	1616
325.33607	1636
326.12187	1548
326.9077	1665
327.69355	1578
328.47943	1511
329.26533	1509
330.05126	1570
330.8372	1543
331.62317	1575
332.40917	1531
333.19519	1506
333.98123	1641
334.76729	1633
335.55338	1694
336.33949	1657
337.12563	1591
337.91179	1589
338.69797	1551
339.48418	1567
340.27041	1545
341.05666	1557
341.84294	1544
342.62924	1517
343.41556	1545
344.20191	1521
344.98828	1540
345.77468	1489
346.5611	1493
347.34754	1580
348.13401	1627
348.92049	1720
349.70701	1611
350.49354	1653
351.2801	1512
352.06669	1448
352.85329	1538
353.63992	1544
354.42658	1486
355.21326	1544
355.99996	1536
356.78668	1560
357.57343	1500
358.3602	1520
359.147	1500
359.93382	1480
360.72066	1512
361.50753	1489
362.29442	1493
363.08133	1501
363.86827	1548
364.65523	1526
365.44221	1516
366.22922	1548
367.01625	1532
367.8033	1514
368.59038	1552
369.37748	1486
370.16461	1518
370.95176	1571
371.73893	1532
372.52612	1521
373.31334	1566
374.10059	1496
374.88785	1524
375.67514	1481
376.46246	1511
377.2498	1453
378.03716	1494
378.82454	1449
379.61195	1476
380.39938	1506
381.18684	1523
381.97431	1607
382.76182	1520
383.54934	1470
384.33689	1558
385.12446	1537
385.91206	1555
386.69968	1555
387.48732	1529
388.27499	1555
389.06268	1508
389.8504	1560
390.63813	1519
391.42589	1536
392.21368	1531
393.00149	1584
393.78932	1549
394.57718	1514
395.36506	1591
396.15296	1560
396.94088	1599
397.72883	1571
398.51681	1570
399.3048	1535
400.09282	1556
400.88087	1509
401.66894	1472
402.45703	1583
403.24514	1599
404.03328	1496
404.82144	1541
405.60963	1596
406.39784	1648
407.18607	1519
407.97432	1613
408.7626	1610
409.55091	1562
410.33923	1535
411.12758	1598
411.91596	1648
412.70436	1628
413.49278	1592
414.28122	1618
415.06969	1626
415.85818	1609
416.6467	1672
417.43523	1654
418.2238	1673
419.01238	1540
419.80099	1644
420.58963	1677
421.37828	1676
422.16696	1657
422.95567	1661
423.74439	1713
424.53314	1629
425.32192	1612
426.11072	1731
426.89954	1689
427.68838	1745
428.47725	1790
429.26614	1741
430.05506	1699
430.844	1667
431.63296	1712
432.42195	1714
433.21096	1688
433.99999	1816
434.78905	1711
435.57813	1764
436.36723	1802
437.15636	1816
437.94551	1783
438.73469	1782
439.52388	1756
440.31311	1731
441.10235	1756
441.89162	1805
442.68091	1773
443.47023	1788
444.25957	1875
445.04893	1804
445.83832	1720
446.62773	1862
447.41716	1854
448.20662	1888
448.9961	1845
449.78561	1856
450.57513	1897
451.36469	1834
452.15426	1869
452.94386	1851
453.73348	1846
454.52313	1790
455.3128	1885
456.10249	1879
456.89221	1914
457.68195	1935
458.47171	1936
459.2615	2004
460.05131	1915
460.84114	1996
461.631	1916
462.42088	1910
463.21079	1906
464.00072	1919
464.79067	1803
465.58065	1865
466.37065	1916
467.16067	1832
467.95071	1790
468.74078	1829
469.53088	1749
470.321	1800
471.11114	1720
471.9013	1780
472.69149	1640
473.4817	1568
474.27193	1441
475.06219	1499
475.85247	1338
476.64278	1355
477.43311	1382
478.22346	1285
479.01384	1234
479.80424	1268
480.59466	1186
481.38511	1188
482.17558	1178
482.96607	1186
483.75659	1138
484.54713	1143
485.3377	1085
486.12828	1108
486.9189	1068
487.70953	1108
488.50019	1051
489.29087	1066
490.08158	1061
490.87231	1040
491.66306	1037
492.45384	958
493.24464	988
494.03546	964
494.82631	1014
495.61718	990
496.40808	978
497.19899	1015
497.98994	1000
498.7809	954
499.57189	929
500.3629	945
501.15394	946
501.945	909
502.73608	888
503.52719	975
504.31832	988
505.10947	981
505.90065	1174
506.69185	1249
507.48307	1118
508.27432	1062
509.06559	1003
509.85689	831
510.64821	814
511.43955	799
512.23091	816
513.0223	835
513.81372	808
514.60515	775
515.39661	800
516.18809	790
516.9796	760
517.77113	763
518.56269	767
519.35426	776
520.14587	759
520.93749	758
521.72914	723
522.52081	772
523.31251	713
524.10423	691
524.89597	732
525.68773	688
526.47952	674
527.27134	667
528.06317	687
528.85503	669
529.64692	662
530.43883	629
531.23076	631
532.02271	646
532.81469	616
533.60669	661
534.39872	625
535.19077	665
535.98284	631
536.77493	553
537.56705	598
538.3592	581
539.15136	575
539.94355	592
540.73577	560
541.528	587
542.32027	544
543.11255	528
543.90486	546
544.69719	579
545.48954	555
546.28192	520
547.07433	529
547.86675	508
548.6592	520
549.45167	508
550.24417	516
551.03669	497
551.82923	497
552.6218	456
553.41439	486
554.20701	506
554.99964	498
555.7923	463
556.58499	443
557.3777	480
558.17043	456
558.96319	474
559.75596	434
560.54877	454
561.34159	460
562.13444	451
562.92732	429
563.72021	416
564.51313	461
565.30608	410
566.09905	417
566.89204	431
567.68505	443
568.47809	400
569.27115	437
570.06424	407
570.85735	469
571.65048	471
572.44363	443
573.23681	432
574.03002	453
574.82324	397
575.61649	448
576.40977	517
577.20307	692
577.99639	804
578.78973	801
579.5831	650
580.37649	531
581.16991	447
581.96335	432
582.75681	396
583.55029	406
584.3438	408
585.13734	402
585.93089	380
586.72447	379
587.51808	434
588.3117	397
589.10535	430
589.89903	396
590.69273	424
591.48645	427
592.28019	382
593.07396	396
593.86775	372
594.66157	372
595.45541	365
596.24927	392
597.04316	367
597.83707	377
598.631	414
599.42496	376
600.21894	391
601.01294	399
601.80697	418
602.60102	479
603.3951	604
604.18919	596
604.98332	582
605.77746	480
606.57163	421
607.36582	367
608.16004	346
608.95428	373
609.74854	343
610.54283	374
611.33714	367
612.13147	364
612.92583	366
613.72021	360
614.51462	396
615.30905	356
616.1035	357
616.89797	322
617.69247	390
618.48699	348
619.28154	332
620.07611	356
620.8707	366
621.66532	344
622.45996	405
623.25462	337
624.04931	353
624.84402	344
625.63876	337
626.43351	375
627.2283	401
628.0231	367
628.81793	337
629.61278	385
630.40766	349
631.20256	353
631.99748	321
632.79243	351
633.5874	354
634.38239	347
635.17741	400
635.97245	355
636.76751	383
637.5626	368
638.35771	348
639.15285	346
639.948	361
640.74319	333
641.53839	365
642.33362	374
643.12887	369
643.92415	393
644.71945	341
645.51477	407
646.31012	390
647.10549	372
647.90088	386
648.6963	431
649.49174	404
650.28721	447
651.0827	536
651.87821	1225
652.67374	4445
653.4693	13733
654.26489	31138
655.06049	50123
655.85612	58720
656.65177	51106
657.44745	31840
658.24315	14602
659.03888	4653
659.83462	1177
660.63039	289
661.42619	180
662.22201	157
663.01785	165
663.81371	181
664.6096	184
665.40551	159
666.20145	152
666.99741	173
667.79339	176
668.5894	170
669.38543	158
670.18148	138
670.97756	146
671.77366	140
672.56979	159
673.36593	158
674.1621	129
674.9583	162
675.75452	147
676.55076	133
677.34703	170
678.14332	145
678.93963	152
679.73596	171
680.53232	150
681.32871	153
682.12511	162
682.92155	149
683.718	175
684.51448	139
685.31098	151
686.1075	184
686.90405	156
687.70062	175
688.49722	133
689.29384	143
690.09048	143
690.88715	142
691.68384	146
692.48055	168
693.27729	116
694.07405	147
694.87083	150
695.66764	148
696.46447	140
697.26132	158
698.0582	154
698.8551	141
699.65203	144
700.44898	137
701.24595	141
702.04295	162
702.83997	146
703.63701	132
704.43408	151
705.23117	134
706.02828	130
706.82542	150
707.62258	130
708.41976	144
709.21697	151
710.0142	126
710.81146	151
711.60874	133
712.40604	156
713.20336	155
714.00071	151
714.79809	149
715.59548	140
716.3929	136
717.19035	143
717.98781	155
718.78531	162
719.58282	200
720.38036	220
721.17792	225
721.9755	207
722.77311	180
723.57074	151
724.3684	149
725.16608	129
725.96378	138
726.76151	133
727.55926	137
728.35703	120
729.15483	141
729.95265	126
730.75049	150
731.54836	150
732.34625	148
733.14417	154
733.9421	136
734.74007	144
735.53805	117
736.33606	147
737.13409	122
737.93215	156
738.73023	126
739.52833	138
740.32646	143
741.12461	133
741.92278	143
742.72098	144
743.5192	138
744.31745	142
745.11571	136
745.91401	114
746.71232	110
747.51066	154
748.30902	149
749.10741	136
749.90582	146
750.70425	138
751.50271	127
752.30119	132
753.09969	116
753.89822	149
754.69677	129
755.49534	117
756.29394	149
757.09256	148
757.89121	131
758.68988	142
759.48857	125
760.28728	158
761.08602	133
761.88479	145
762.68357	150
763.48238	124
764.28122	147
765.08007	144
765.87895	153
766.67786	136
767.47679	130
768.27574	135
769.07471	117
769.87371	112
770.67273	106
771.47178	145
772.27085	124
773.06994	114
773.86906	115
774.6682	108
775.46736	127
776.26655	145
777.06576	117
777.86499	131
778.66425	133
779.46353	116
780.26283	137
781.06216	123
781.86151	130
782.66089	105
783.46029	102
784.25971	132
785.05916	122
785.85863	148
786.65812	155
787.45764	175
788.25718	160
789.05674	150
789.85633	137
790.65594	132
791.45557	105
792.25523	127
793.05491	95
793.85462	110
794.65435	109
795.4541	105
796.25387	94
797.05367	135
797.8535	122
798.65334	130
799.45321	145
800.25311	91
801.05302	121
801.85296	114
802.65293	124
803.45292	118
804.25293	129
805.05296	117
805.85302	111
806.6531	127
807.45321	117
808.25334	96
809.05349	114
809.85367	112
810.65387	110
811.45409	123
812.25434	108
813.05461	101
813.8549	108
814.65522	93
815.45556	92
816.25593	94
817.05631	90
817.85673	128
818.65716	101
819.45762	107
820.2581	109
821.05861	113
821.85914	109
822.65969	106
823.46027	96
824.26087	114
825.06149	111
825.86214	104
826.66281	122
827.46351	148
828.26422	111
829.06496	109
829.86573	118
830.66652	122
831.46733	133
832.26817	106
833.06903	122
833.86991	105
834.67082	108
835.47175	111
836.2727	105
837.07368	91
837.87468	95
838.6757	101
839.47675	108
840.27782	92
841.07892	109
841.88004	121
842.68118	110
843.48234	108
844.28353	122
845.08475	107
845.88598	124
846.68724	104
847.48853	115
848.28983	94
849.09116	130
849.89252	127
850.6939	132
851.4953	136
852.29672	168
853.09817	138
853.89964	156
854.70114	107
855.50266	97
856.3042	112
857.10577	101
857.90735	101
858.70897	127
859.51061	109
860.31227	90
861.11395	114
861.91566	93
862.71739	100
863.51914	105
864.32092	88
865.12272	110
865.92455	117
866.7264	85
867.52827	105
868.33017	114
869.13209	107
869.93403	91
870.73599	113
871.53799	90
872.34	119
873.14204	80
873.9441	111
874.74618	91
875.54829	107
876.35042	82
877.15258	88
877.95476	85
878.75696	100
879.55918	92
880.36143	99
881.16371	128
881.966	123
882.76832	92
883.57067	96
884.37303	110
885.17542	104
885.97784	111
886.78028	93
887.58274	116
888.38522	91
889.18773	111
889.99026	92
890.79282	85
891.5954	96
892.398	105
893.20063	111
894.00328	91
894.80595	92
895.60865	107
896.41137	109
897.21411	115
898.01688	89
898.81967	113
899.62249	164
900.42532	271
901.22819	408
902.03107	438
902.83398	429
903.63691	349
904.43987	233
905.24285	129
906.04585	112
906.84888	113
907.65193	100
908.455	85
909.2581	87
910.06122	99
910.86437	79
911.66753	102
912.47073	92
913.27394	89
914.07718	116
914.88044	92
915.68373	96
916.48704	94
917.29037	88
918.09373	96
918.89711	89
919.70051	95
920.50394	91
921.30739	85
922.11086	86
922.91436	96
923.71788	97
924.52143	101
925.325	102
926.12859	101
926.9322	88
927.73584	84
928.53951	82
929.34319	99
930.1469	85
930.95064	85
931.75439	92
932.55817	85
933.36198	90
934.16581	71
934.96966	104
935.77353	76
936.57743	99
937.38135	111
938.1853	100
938.98927	94
939.79326	102
940.59728	88
941.40132	106
942.20538	94
943.00947	84
943.81358	74
944.61771	87
945.42187	83
946.22605	105
947.03025	86
947.83448	80
948.63873	90
949.44301	87
950.24731	94
951.05163	87
951.85598	92
952.66035	116
953.46474	122
954.26916	139
955.0736	164
955.87806	177
956.68255	176
957.48706	199
958.29159	268
959.09615	307
959.90073	298
960.70534	210
961.50997	166
962.31462	137
963.11929	90
963.92399	114
964.72872	87
965.53346	90
966.33823	86
967.14303	83
967.94784	91
968.75268	79
969.55755	81
970.36244	77
971.16735	90
971.97228	87
972.77724	92
973.58222	83
974.38723	81
975.19226	72
975.99731	95
976.80239	95
977.60749	77
978.41261	89
979.21776	91
980.02293	88
980.82812	72
981.63334	90
982.43858	92
983.24385	84
984.04913	99
984.85445	86
985.65978	98
986.46514	70
987.27052	84
988.07593	94
988.88136	88
989.68681	82
990.49229	88
991.29779	94
992.10331	100
992.90886	106
993.71443	86
994.52003	69
995.32565	96
996.13129	88
996.93695	86
997.74264	69
998.54835	81
999.35409	76
1000.15985	51
1000.96563	81
1001.77144	97
1002.57727	66
1003.38312	80
1004.189	59
1004.9949	70
1005.80082	87
1006.60677	79
1007.41274	86
1008.21874	96
1009.02476	70
1009.8308	91
1010.63687	82
1011.44296	82
1012.24907	64
1013.0552	94
1013.86136	82
1014.66755	81
1015.47375	67
1016.27999	80
1017.08624	76
1017.89252	80
1018.69882	84
1019.50514	64
1020.31149	91
1021.11786	89
1021.92426	86
1022.73068	85
1023.53712	79
1024.34359	81
1025.15008	83
1025.95659	72
1026.76313	84
1027.56969	80
1028.37627	82
1029.18288	87
1029.98951	82
1030.79617	94
1031.60284	79
1032.40955	79
1033.21627	58
1034.02302	93
1034.82979	86
1035.63659	82
1036.44341	85
1037.25025	69
1038.05712	91
1038.86401	87
1039.67092	82
1040.47786	89
1041.28482	86
1042.0918	72
1042.89881	72
1043.70584	91
1044.5129	68
1045.31998	85
1046.12708	82
1046.93421	72
1047.74136	71
1048.54853	93
1049.35573	89
1050.16295	63
1050.97019	64
1051.77746	80
1052.58475	65
1053.39206	77
1054.1994	82
1055.00676	78
1055.81415	83
1056.62155	73
1057.42899	72
1058.23644	82
1059.04392	73
1059.85142	94
1060.65895	94
1061.4665	83
1062.27407	91
1063.08167	66
1063.88929	98
1064.69694	71
1065.5046	82
1066.31229	90
1067.12001	90
1067.92775	82
1068.73551	85
1069.54329	82
1070.3511	115
1071.15894	65
1071.96679	89
1072.77467	73
1073.58258	87
1074.3905	74
1075.19845	74
1076.00643	88
1076.81442	78
1077.62244	94
1078.43049	80
1079.23856	79
1080.04665	60
1080.85476	83
1081.6629	91
1082.47107	92
1083.27925	89
1084.08746	83
1084.89569	89
1085.70395	79
1086.51223	86
1087.32053	85
1088.12886	69
1088.93721	91
1089.74559	89
1090.55399	83
1091.36241	75
1092.17085	97
1092.97932	94
1093.78781	97
1094.59633	75
1095.40487	80
1096.21343	95
1097.02202	70
1097.83063	80
1098.63926	83
1099.44792	82
1100.2566	74
1101.0653	74
1101.87403	83
1102.68278	80
1103.49156	84
1104.30036	81
1105.10918	96
1105.91802	115
1106.72689	138
1107.53578	151
1108.3447	180
1109.15364	145
1109.9626	133
1110.77159	116
1111.5806	70
1112.38964	82
1113.19869	76
1114.00777	72
1114.81688	68
1115.62601	64
1116.43516	68
1117.24433	90
1118.05353	95
1118.86276	74
1119.672	71
1120.48127	67
1121.29056	93
1122.09988	75
1122.90922	77
1123.71859	70
1124.52797	75
1125.33738	81
1126.14682	89
1126.95628	93
1127.76576	72
1128.57526	84
1129.38479	85
1130.19434	80
1131.00392	86
1131.81352	66
1132.62314	88
1133.43279	88
1134.24246	73
1135.05215	75
1135.86187	82
1136.67161	71
1137.48137	76
1138.29116	75
1139.10097	81
1139.91081	81
1140.72067	98
1141.53055	82
1142.34046	87
1143.15038	96
1143.96034	84
1144.77031	81
1145.58031	74
1146.39034	69
1147.20038	81
1148.01045	84
1148.82055	81
1149.63067	76
1150.44081	88
1151.25097	100
1152.06116	75
1152.87137	72
1153.68161	83
1154.49187	73
1155.30215	67
1156.11246	63
1156.92279	84
1157.73314	91
1158.54352	77
1159.35392	96
1160.16434	72
1160.97479	75
1161.78526	80
1162.59575	89
1163.40627	89
1164.21681	83
1165.02738	74
1165.83797	90
1166.64858	78
1167.45922	81
1168.26988	78
1169.08056	90
1169.89126	82
1170.702	76
1171.51275	57
1172.32353	83
1173.13433	73
1173.94515	91
1174.756	78
1175.56687	72
1176.37777	83
1177.18868	77
1177.99963	77
1178.81059	97
1179.62158	82
1180.43259	80
1181.24363	77
1182.05469	79
1182.86577	90
1183.67688	83
1184.48801	72
1185.29917	80
1186.11034	85
1186.92155	79
1187.73277	78
1188.54402	79
1189.35529	63
1190.16659	98
1190.97791	98
1191.78925	84
1192.60061	103
1193.412	79
1194.22342	91
1195.03486	69
1195.84632	72
1196.6578	80
1197.46931	81
1198.28084	69
1199.09239	97
1199.90397	101
1200.71557	83
1201.5272	76
1202.33885	87
1203.15052	86
1203.96222	109
1204.77394	97
1205.58568	82
1206.39745	89
1207.20924	69
1208.02105	90
1208.83289	71
1209.64475	83
1210.45663	88
1211.26854	89
1212.08047	74
1212.89243	81
1213.70441	71
1214.51641	93
1215.32843	102
1216.14048	78
1216.95256	94
1217.76465	83
1218.57677	69
1219.38892	81
1220.20108	90
1221.01327	90
1221.82549	99
1222.63773	106
1223.44999	94
1224.26227	115
1225.07458	123
1225.88691	89
1226.69927	87
1227.51165	100
1228.32405	84
1229.13648	81
1229.94893	72
1230.7614	77
1231.5739	76
1232.38642	74
1233.19896	81
1234.01153	66
1234.82412	77
1235.63674	78
1236.44938	68
1237.26204	84
1238.07472	75
1238.88743	72
1239.70016	61
1240.51292	68
1241.3257	83
1242.1385	81
1242.95133	62
1243.76418	72
1244.57705	64
1245.38995	69
1246.20287	49
1247.01582	65
1247.82879	60
1248.64178	69
1249.45479	55
1250.26783	61
1251.08089	59
1251.89398	60
1252.70709	67
1253.52022	68
1254.33338	61
1255.14656	44
1255.95976	63
1256.77299	60
1257.58624	62
1258.39952	63
1259.21281	57
1260.02614	65
1260.83948	56
1261.65285	59
1262.46624	51
1263.27966	64
1264.0931	60
1264.90656	71
1265.72005	79
1266.53356	66
1267.34709	77
1268.16065	53
1268.97423	66
1269.78783	62
1270.60146	51
1271.41511	50
1272.22879	54
1273.04248	67
1273.85621	61
1274.66995	61
1275.48372	58
1276.29751	55
1277.11133	75
1277.92517	51
1278.73903	51
1279.55292	53
1280.36683	57
1281.18076	54
1281.99472	54
1282.8087	59
1283.62271	47
1284.43674	58
1285.25079	50
1286.06486	52
1286.87896	60
1287.69309	42
1288.50723	49
1289.3214	54
1290.13559	57
1290.94981	66
1291.76405	55
1292.57832	57
1293.3926	48
1294.20691	47
1295.02125	53
1295.83561	50
1296.64999	34
1297.46439	60
1298.27882	49
1299.09327	57
1299.90775	55
1300.72225	49
1301.53677	46
1302.35132	50
1303.16589	55
1303.98048	61
1304.7951	50
1305.60974	54
1306.42441	50
1307.23909	59
1308.0538	39
1308.86854	62
1309.6833	52
1310.49808	57
1311.31289	51
1312.12772	41
1312.94257	55
1313.75744	51
1314.57234	47
1315.38727	40
1316.20221	37
1317.01719	40
1317.83218	44
1318.6472	36
1319.46224	63
1320.2773	46
1321.09239	53
1321.9075	48
1322.72264	45
1323.5378	53
1324.35298	50
1325.16819	45
1325.98342	54
1326.79867	46
1327.61395	35
1328.42925	41
1329.24457	54
1330.05992	47
1330.87529	46
1331.69068	27
1332.5061	45
1333.32154	47
1334.13701	38
1334.9525	32
1335.76801	48
1336.58355	36
1337.39911	46
1338.21469	31
1339.0303	40
1339.84593	35
1340.66158	56
1341.47726	55
1342.29296	41
1343.10868	45
1343.92443	40
1344.7402	31
1345.556	43
1346.37182	21
1347.18766	51
1348.00352	35
1348.81941	36
1349.63533	34
1350.45126	47
1351.26722	29
1352.08321	41
1352.89921	43
1353.71524	25
1354.5313	46
1355.34738	40
1356.16348	44
1356.9796	36
1357.79575	36
1358.61192	39
1359.42812	56
1360.24434	47
1361.06058	56
1361.87685	66
1362.69314	41
1363.50945	43
1364.32579	43
1365.14215	25
1365.95853	40
1366.77494	37
1367.59137	35
1368.40783	42
1369.2243	47
1370.04081	46
1370.85733	39
1371.67388	49
1372.49045	38
1373.30705	42
1374.12367	31
1374.94031	38
1375.75698	27
1376.57367	27
1377.39038	41
1378.20712	34
1379.02388	41
1379.84066	46
1380.65747	38
1381.4743	28
1382.29116	42
1383.10804	41
1383.92494	43
1384.74187	36
1385.55882	36
1386.37579	35
1387.19279	41
1388.00981	44
1388.82685	40
1389.64392	47
1390.46101	40
1391.27812	43
1392.09526	51
1392.91242	56
1393.72961	52
1394.54681	33
1395.36405	39
1396.1813	33
1396.99858	30
1397.81588	44
1398.63321	40
1399.45056	35
1400.26793	40
1401.08533	33
1401.90275	52
1402.7202	38
1403.53766	34
1404.35516	38
1405.17267	43
1405.99021	40
1406.80777	32
1407.62536	43
1408.44297	35
1409.2606	29
1410.07825	43
1410.89593	46
1411.71364	44
1412.53136	40
1413.34911	32
1414.16689	32
1414.98469	31
1415.80251	36
1416.62035	35
1417.43822	32
1418.25611	44
1419.07403	31
1419.89197	31
1420.70993	33
1421.52791	41
1422.34592	32
1423.16396	33
1423.98201	40
1424.80009	41
1425.6182	35
1426.43632	37
1427.25448	30
1428.07265	41
1428.89085	37
1429.70907	44
1430.52731	41
1431.34558	32
1432.16388	36
1432.98219	44
1433.80053	33
1434.61889	33
1435.43728	45
1436.25569	38
1437.07412	49
1437.89258	68
1438.71106	115
1439.52957	192
1440.34809	430
1441.16665	663
1441.98522	995
1442.80382	1184
1443.62244	1237
1444.44109	1016
1445.25976	721
1446.07845	502
1446.89716	273
1447.7159	142
1448.53467	70
1449.35345	36
1450.17227	24
1450.9911	20
1451.80996	24
1452.62884	23
1453.44774	25
1454.26667	24
1455.08562	19
1455.9046	21
1456.7236	19
1457.54262	36
1458.36167	21
1459.18074	17
1459.99983	19
1460.81895	23
1461.63809	25
1462.45725	24
1463.27644	18
1464.09565	16
1464.91488	23
1465.73414	23
1466.55342	31
1467.37273	17
1468.19206	22
1469.01141	24
1469.83078	11
1470.65018	23
1471.46961	22
1472.28905	12
1473.10852	19
1473.92802	21
1474.74753	24
1475.56708	30
1476.38664	28
1477.20623	35
1478.02584	34
1478.84547	34
1479.66513	28
1480.48482	30
1481.30452	26
1482.12425	21
1482.944	25
1483.76378	34
1484.58358	23
1485.4034	28
1486.22325	17
1487.04312	24
1487.86301	27
1488.68293	26
1489.50287	23
1490.32284	29
1491.14283	39
1491.96284	39
1492.78287	38
1493.60293	36
1494.42302	26
1495.24312	28
1496.06325	25
1496.88341	20
1497.70358	19
1498.52378	21
1499.34401	16
1500.16425	16
1500.98453	20
1501.80482	17
1502.62514	27
1503.44548	24
1504.26585	19
1505.08623	19
1505.90665	28
1506.72708	25
1507.54754	17
1508.36803	25
1509.18853	19
1510.00906	19
1510.82962	19
1511.65019	26
1512.47079	18
1513.29142	14
1514.11207	18
1514.93274	28
1515.75343	22
1516.57415	14
1517.39489	20
1518.21566	20
1519.03645	22
1519.85726	21
1520.6781	16
1521.49896	31
1522.31984	16
1523.14075	15
1523.96168	16
1524.78263	27
1525.60361	23
1526.42461	16
1527.24564	16
1528.06669	20
1528.88776	21
1529.70886	16
1530.52997	19
1531.35112	21
1532.17228	16
1532.99347	22
1533.81469	12
1534.63592	15
1535.45718	16
1536.27847	19
1537.09978	23
1537.92111	26
1538.74246	14
1539.56384	24
1540.38524	19
1541.20667	22
1542.02812	21
1542.84959	29
1543.67108	22
1544.4926	15
1545.31415	11
1546.13571	18
1546.9573	16
1547.77892	19
1548.60056	17
1549.42222	14
1550.2439	13
1551.06561	19
1551.88734	19
1552.7091	10
1553.53088	22
1554.35268	17
1555.1745	17
1555.99635	18
1556.81823	16
1557.64012	14
1558.46204	20
1559.28399	21
1560.10595	28
1560.92794	40
1561.74996	35
1562.572	27
1563.39406	28
1564.21614	30
1565.03825	38
1565.86038	38
1566.68254	43
1567.50472	67
1568.32692	59
1569.14915	66
1569.9714	63
1570.79367	62
1571.61597	63
1572.43829	59
1573.26063	64
1574.083	31
1574.90539	38
1575.72781	27
1576.55025	26
1577.37271	25
1578.19519	24
1579.0177	13
1579.84024	24
1580.66279	19
1581.48537	13
1582.30797	19
1583.1306	17
1583.95325	20
1584.77593	28
1585.59862	20
1586.42134	8
1587.24409	10
1588.06686	18
1588.88965	23
1589.71246	14
1590.5353	12
1591.35817	13
1592.18105	20
1593.00396	22
1593.82689	17
1594.64985	13
1595.47283	16
1596.29584	20
1597.11886	34
1597.94191	27
1598.76499	34
1599.58809	30
1600.41121	35
1601.23435	39
1602.05752	44
1602.88071	33
1603.70393	32
1604.52717	22
1605.35043	25
1606.17372	30
1606.99703	16
1607.82036	33
1608.64372	24
1609.4671	41
1610.2905	37
1611.11393	26
1611.93738	34
1612.76086	29
1613.58436	21
1614.40788	28
1615.23143	21
1616.05499	22
1616.87859	22
1617.7022	27
1618.52584	16
1619.34951	17
1620.17319	16
1620.9969	25
1621.82064	14
1622.6444	20
1623.46818	17
1624.29198	14
1625.11581	10
1625.93966	17
1626.76354	13
1627.58744	18
1628.41136	15
1629.23531	17
1630.05927	15
1630.88327	11
1631.70728	17
1632.53133	12
1633.35539	11
1634.17948	17
1635.00359	13
1635.82772	20
1636.65188	17
1637.47606	16
1638.30027	23
1639.1245	29
1639.94875	19
1640.77302	17
1641.59732	16
1642.42165	22
1643.24599	15
1644.07036	16
1644.89476	19
1645.71917	19
1646.54362	13
1647.36808	12
1648.19257	8
1649.01708	14
1649.84161	25
1650.66617	12
1651.49076	14
1652.31536	19
1653.13999	14
1653.96464	24
1654.78932	21
1655.61402	20
1656.43874	12
1657.26349	21
1658.08826	13
1658.91305	17
1659.73787	19
1660.56271	20
1661.38758	14
1662.21247	18
1663.03738	25
1663.86231	17
1664.68727	18
1665.51226	25
1666.33726	28
1667.16229	27
1667.98735	14
1668.81242	21
1669.63752	15
1670.46265	21
1671.28779	15
1672.11297	26
1672.93816	12
1673.76338	18
1674.58862	25
1675.41389	11
1676.23917	18
1677.06449	15
1677.88982	22
1678.71518	14
1679.54057	19
1680.36597	10
1681.1914	23
1682.01686	14
1682.84233	14
1683.66783	12
1684.49336	17
1685.31891	13
1686.14448	16
1686.97007	13
1687.79569	14
1688.62134	15
1689.447	18
1690.27269	19
1691.0984	12
1691.92414	10
1692.7499	19
1693.57568	14
1694.40149	15
1695.22732	23
1696.05318	16
1696.87905	19
1697.70495	8
1698.53088	19
1699.35683	21
1700.1828	13
1701.0088	21
1701.83482	18
1702.66086	13
1703.48692	11
1704.31301	21
1705.13913	15
1705.96526	22
1706.79143	17
1707.61761	17
1708.44382	23
1709.27005	27
1710.0963	15
1710.92258	20
1711.74888	14
1712.57521	20
1713.40156	13
1714.22793	14
1715.05433	12
1715.88075	15
1716.70719	9
1717.53366	12
1718.36015	16
1719.18666	13
1720.0132	20
1720.83976	19
1721.66634	17
1722.49295	17
1723.31958	13
1724.14624	17
1724.97292	22
1725.79962	11
1726.62635	9
1727.4531	10
1728.27987	15
1729.10666	18
1729.93349	15
1730.76033	10
1731.5872	15
1732.41409	16
1733.241	19
1734.06794	14
1734.8949	12
1735.72189	16
1736.54889	16
1737.37593	17
1738.20298	22
1739.03006	53
1739.85716	51
1740.68429	82
1741.51144	85
1742.33861	82
1743.16581	71
1743.99303	90
1744.82028	50
1745.64754	39
1746.47484	37
1747.30215	23
1748.12949	14
1748.95685	13
1749.78424	18
1750.61165	15
1751.43908	18
1752.26653	13
1753.09401	20
1753.92152	12
1754.74904	20
1755.57659	15
1756.40417	10
1757.23177	14
1758.05939	9
1758.88703	19
1759.7147	10
1760.54239	17
1761.37011	9
1762.19785	17
1763.02561	15
1763.8534	7
1764.6812	8
1765.50904	18
1766.33689	29
1767.16477	18
1767.99268	9
1768.82061	13
1769.64856	17
1770.47653	14
1771.30453	15
1772.13255	20
1772.9606	17
1773.78867	15
1774.61676	12
1775.44487	21
1776.27301	16
1777.10118	13
1777.92936	15
1778.75757	20
1779.58581	11
1780.41406	15
1781.24234	12
1782.07065	15
1782.89898	12
1783.72733	25
1784.5557	16
1785.3841	17
1786.21252	14
1787.04097	14
1787.86944	12
1788.69793	14
1789.52645	10
1790.35499	6
1791.18355	19
1792.01214	13
1792.84075	8
1793.66938	17
1794.49804	21
1795.32672	19
1796.15543	22
1796.98415	15
1797.81291	11
1798.64168	12
1799.47048	10
1800.2993	13
1801.12815	16
1801.95702	12
1802.78591	15
1803.61483	23
1804.44377	17
1805.27273	11
1806.10172	15
1806.93073	9
1807.75977	14
1808.58882	14
1809.41791	17
1810.24701	13
1811.07614	14
1811.90529	14
1812.73447	18
1813.56367	13
1814.39289	16
1815.22214	15
1816.05141	12
1816.8807	9
1817.71002	17
1818.53936	19
1819.36872	7
1820.19811	15
1821.02752	19
1821.85696	18
1822.68642	21
1823.5159	25
1824.34541	29
1825.17493	22
1826.00449	19
1826.83406	14
1827.66366	15
1828.49329	17
1829.32293	14
1830.15261	16
1830.9823	14
1831.81202	15
1832.64176	14
1833.47152	16
1834.30131	11
1835.13112	17
1835.96096	10
1836.79082	9
1837.6207	14
1838.45061	16
1839.28054	11
1840.11049	12
1840.94047	20
1841.77047	21
1842.60049	13
1843.43054	14
1844.26061	21
1845.09071	12
1845.92082	18
1846.75097	13
1847.58113	19
1848.41132	12
1849.24153	8
1850.07177	10
1850.90203	18
1851.73231	19
1852.56262	15
1853.39295	17
1854.2233	17
1855.05368	13
1855.88408	17
1856.7145	12
1857.54495	8
1858.37542	15
1859.20592	23
1860.03644	19
1860.86698	11
1861.69755	16
1862.52814	13
1863.35875	14
1864.18939	10
1865.02005	13
1865.85073	20
1866.68144	18
1867.51217	15
1868.34292	21
1869.1737	20
1870.0045	19
1870.83533	19
1871.66617	14
1872.49705	15
1873.32794	15
1874.15886	15
1874.9898	21
1875.82077	19
1876.65176	13
1877.48277	14
1878.31381	23
1879.14487	18
1879.97596	13
1880.80706	20
1881.63819	11
1882.46935	16
1883.30053	13
1884.13173	11
1884.96295	13
1885.7942	12
1886.62548	14
1887.45677	9
1888.28809	12
1889.11944	14
1889.9508	12
1890.78219	15
1891.61361	12
1892.44504	11
1893.27651	8
1894.10799	17
1894.9395	19
1895.77103	8
1896.60259	16
1897.43416	20
1898.26577	9
1899.09739	15
1899.92904	13
1900.76071	16
1901.59241	21
1902.42413	17
1903.25588	14
1904.08764	8
1904.91943	14
1905.75125	8
1906.58309	14
1907.41495	16
1908.24683	20
1909.07874	13
1909.91067	18
1910.74263	15
1911.57461	16
1912.40661	13
1913.23864	13
1914.07069	18
1914.90276	20
1915.73486	18
1916.56698	12
1917.39912	11
1918.23129	10
1919.06348	20
1919.8957	17
1920.72794	11
1921.5602	13
1922.39248	17
1923.22479	13
1924.05713	12
1924.88948	13
1925.72186	13
1926.55426	9
1927.38669	18
1928.21914	19
1929.05162	13
1929.88411	14
1930.71663	13
1931.54918	10
1932.38175	12
1933.21434	13
1934.04696	8
1934.87959	6
1935.71226	21
1936.54494	15
1937.37765	16
1938.21039	19
1939.04314	13
1939.87592	11
1940.70873	12
1941.54155	9
1942.3744	8
1943.20728	14
1944.04018	13
1944.8731	13
1945.70604	12
1946.53901	14
1947.37201	8
1948.20502	15
1949.03806	16
1949.87112	20
1950.70421	13
1951.53732	23
1952.37045	26
1953.20361	18
1954.03679	15
1954.87	9
1955.70322	9
1956.53648	13
1957.36975	15
1958.20305	18
1959.03637	16
1959.86972	9
1960.70309	6
1961.53648	18
1962.36989	18
1963.20333	10
1964.0368	16
1964.87029	14
1965.7038	20
1966.53733	18
1967.37089	14
1968.20447	8
1969.03807	16
1969.8717	15
1970.70535	15
1971.53903	14
1972.37273	18
1973.20645	13
1974.0402	20
1974.87397	15
1975.70776	16
1976.54158	6
1977.37542	13
1978.20928	18
1979.04317	12
1979.87708	16
1980.71101	8
1981.54497	9
1982.37895	15
1983.21296	13
1984.04699	11
1984.88104	14
1985.71512	15
1986.54922	15
1987.38334	13
1988.21749	16
1989.05166	13
1989.88585	20
1990.72007	9
1991.55431	11
1992.38857	20
1993.22286	7
1994.05717	15
1994.89151	15
1995.72587	7
1996.56025	9
1997.39465	10
1998.22908	13
1999.06354	19
1999.89801	8
2000.73251	17
2001.56704	17
2002.40158	16
2003.23615	6
2004.07075	11
2004.90537	10
2005.74001	12
2006.57467	13
2007.40936	6
2008.24407	10
2009.07881	11
2009.91357	15
2010.74835	20
2011.58316	16
2012.41799	11
2013.25284	15
2014.08772	9
2014.92262	13
2015.75754	14
2016.59249	9
2017.42746	8
2018.26246	13
2019.09747	13
2019.93252	9
2020.76758	17
2021.60267	17
2022.43778	9
2023.27292	14
2024.10808	11
2024.94326	12
2025.77847	9
2026.6137	12
2027.44895	14
2028.28423	16
2029.11953	15
2029.95485	11
2030.7902	16
2031.62557	14
2032.46097	11
2033.29639	16
2034.13183	21
2034.9673	14
2035.80279	19
2036.6383	13
2037.47384	10
2038.3094	8
2039.14498	7
2039.98059	13
2040.81622	8
2041.65187	12
2042.48755	11
2043.32325	14
2044.15898	14
2044.99472	10
2045.8305	9
2046.66629	10
2047.50211	14
2048.33795	9
2049.17382	9
2050.00971	11
2050.84562	17
2051.68156	17
2052.51752	11
2053.35351	11
2054.18951	15
2055.02554	13
2055.8616	16
2056.69768	5
2057.53378	14
2058.36991	9
2059.20605	7
2060.04223	13
2060.87842	9
2061.71464	14
2062.55089	16
2063.38715	13
2064.22344	9
2065.05976	20
2065.8961	13
2066.73246	19
2067.56884	8
2068.40525	16
2069.24168	18
2070.07814	13
2070.91461	13
2071.75112	27
2072.58764	38
2073.42419	37
2074.26077	44
2075.09736	53
2075.93398	45
2076.77063	65
2077.60729	42
2078.44398	33
2079.2807	25
2080.11744	27
2080.9542	16
2081.79098	19
2082.62779	25
2083.46462	21
2084.30148	19
2085.13836	15
2085.97526	13
2086.81219	14
2087.64914	17
2088.48611	20
2089.32311	21
2090.16013	16
2090.99717	13
2091.83424	15
2092.67133	21
2093.50845	24
2094.34559	17
2095.18275	14
2096.01994	11
2096.85714	15
2097.69438	11
2098.53163	10
2099.36891	14
2100.20622	15
2101.04354	15
2101.88089	16
2102.71827	12
2103.55567	13
2104.39309	18
2105.23053	17
2106.068	19
2106.90549	15
2107.74301	10
2108.58055	14
2109.41811	12
2110.25569	14
2111.0933	16
2111.93094	13
2112.76859	12
2113.60627	19
2114.44398	14
2115.28171	14
2116.11946	6
2116.95723	7
2117.79503	17
2118.63285	16
2119.4707	9
2120.30857	11
2121.14646	12
2121.98437	11
2122.82231	14
2123.66028	16
2124.49826	16
2125.33627	15
2126.17431	8
2127.01236	12
2127.85044	8
2128.68855	12
2129.52668	9
2130.36483	20
2131.203	13
2132.0412	8
2132.87942	21
2133.71767	13
2134.55594	16
2135.39423	12
2136.23255	9
2137.07089	15
2137.90925	10
2138.74764	12
2139.58605	13
2140.42448	13
2141.26294	10
2142.10142	14
2142.93993	18
2143.77846	14
2144.61701	11
2145.45558	11
2146.29418	12
2147.1328	15
2147.97145	13
2148.81012	13
2149.64881	22
2150.48753	21
2151.32627	10
2152.16503	12
2153.00382	16
2153.84263	16
2154.68147	20
2155.52033	15
2156.35921	22
2157.19811	15
2158.03704	12
2158.87599	13
2159.71497	28
2160.55397	11
2161.39299	11
2162.23204	16
2163.07111	14
2163.9102	7
2164.74932	16
2165.58846	20
2166.42763	18
2167.26681	11
2168.10603	11
2168.94526	19
2169.78452	13
2170.6238	18
2171.46311	20
2172.30244	20
2173.14179	22
2173.98117	37
2174.82057	34
2175.65999	26
2176.49944	24
2177.33891	27
2178.1784	28
2179.01792	19
2179.85746	24
2180.69703	22
2181.53662	17
2182.37623	19
2183.21586	13
2184.05552	15
2184.8952	12
2185.73491	12
2186.57464	13
2187.41439	8
2188.25417	15
2189.09397	15
2189.9338	12
2190.77364	15
2191.61351	13
2192.45341	13
2193.29333	22
2194.13327	16
2194.97323	10
2195.81322	12
2196.65324	11
2197.49327	15
2198.33333	21
2199.17342	15
2200.01352	14
2200.85365	22
2201.69381	19
2202.53398	14
2203.37418	10
2204.21441	19
2205.05466	16
2205.89493	12
2206.73522	21
2207.57554	8
2208.41589	23
2209.25625	8
2210.09664	15
2210.93705	12
2211.77749	21
2212.61795	19
2213.45843	20
2214.29894	17
2215.13947	8
2215.98003	11
2216.8206	11
2217.66121	15
2218.50183	19
2219.34248	23
2220.18315	12
2221.02385	14
2221.86457	12
2222.70531	15
2223.54608	21
2224.38687	16
2225.22768	18
2226.06852	16
2226.90938	22
2227.75026	12
2228.59117	11
2229.4321	20
2230.27306	12
2231.11403	17
2231.95504	11
2232.79606	11
2233.63711	19
2234.47818	16
2235.31928	14
2236.1604	12
2237.00154	15
2237.84271	17
2238.6839	15
2239.52511	13
2240.36635	19
2241.20761	14
2242.0489	18
2242.8902	16
2243.73154	9
2244.57289	17
2245.41427	17
2246.25567	12
2247.0971	11
2247.93855	25
2248.78002	13
2249.62152	12
2250.46304	11
2251.30458	13
2252.14615	16
2252.98774	10
2253.82936	12
2254.67099	15
2255.51265	15
2256.35434	10
2257.19605	11
2258.03778	15
2258.87954	16
2259.72132	19
2260.56312	8
2261.40495	11
2262.2468	15
2263.08867	15
2263.93057	22
2264.77249	23
2265.61443	11
2266.4564	11
2267.29839	11
2268.14041	14
2268.98244	14
2269.82451	12
2270.66659	19
2271.5087	8
2272.35083	8
2273.19299	18
2274.03517	17
2274.87737	25
2275.7196	19
2276.56185	14
2277.40412	13
2278.24642	9
2279.08874	14
2279.93109	18
2280.77346	10
2281.61585	18
2282.45826	19
2283.3007	16
2284.14317	13
2284.98565	16
2285.82816	20
2286.67069	12
2287.51325	20
2288.35583	14
2289.19844	11
2290.04106	15
2290.88371	16
2291.72639	17
2292.56909	13
2293.41181	13
2294.25455	15
2295.09732	17
2295.94011	8
2296.78293	14
2297.62577	15
2298.46863	21
2299.31152	12
2300.15443	18
2300.99736	16
2301.84032	15
2302.6833	20
2303.52631	15
2304.36933	19
2305.21239	16
2306.05546	12
2306.89856	18
2307.74168	17
2308.58483	17
2309.428	16
2310.27119	19
2311.11441	26
2311.95765	17
2312.80091	11
2313.6442	14
2314.48751	20
2315.33084	16
2316.1742	16
2317.01758	14
2317.86098	11
2318.70441	25
2319.54786	12
2320.39134	14
2321.23484	15
2322.07836	15
2322.92191	12
2323.76548	17
2324.60907	19
2325.45269	20
2326.29633	15
2327.13999	24
2327.98368	14
2328.82739	11
2329.67113	21
2330.51488	16
2331.35867	24
2332.20247	15
2333.0463	13
2333.89015	21
2334.73403	17
2335.57793	14
2336.42185	12
2337.2658	16
2338.10977	12
2338.95376	20
2339.79778	24
2340.64182	21
2341.48588	13
2342.32997	18
2343.17408	15
2344.01822	9
2344.86238	15
2345.70656	11
2346.55077	14
2347.395	22
2348.23925	16
2349.08353	13
2349.92783	13
2350.77215	13
2351.6165	11
2352.46087	14
2353.30526	11
2354.14968	23
2354.99412	20
2355.83859	24
2356.68307	23
2357.52759	13
2358.37212	13
2359.21668	12
2360.06126	14
2360.90587	12
2361.7505	19
2362.59515	11
2363.43983	10
2364.28453	9
2365.12925	14
2365.974	14
2366.81877	15
2367.66357	14
2368.50839	11
2369.35323	11
2370.19809	13
2371.04298	7
2371.8879	13
2372.73283	5
2373.57779	14
2374.42277	12
2375.26778	4
2376.11281	8
2376.95787	4
2377.80294	11
2378.64804	14
2379.49317	7
2380.33832	10
2381.18349	9
2382.02868	10
2382.8739	13
2383.71914	14
2384.56441	10
2385.4097	19
2386.25501	13
2387.10035	11
2387.94571	5
2388.79109	19
2389.6365	11
2390.48193	11
2391.32739	9
2392.17286	12
2393.01837	15
2393.86389	7
2394.70944	16
2395.55501	14
2396.40061	4
2397.24623	12
2398.09187	19
2398.93754	9
2399.78323	9
2400.62894	8
2401.47468	14
2402.32044	7
2403.16622	7
2404.01203	6
2404.85786	10
2405.70372	8
2406.54959	12
2407.3955	7
2408.24142	9
2409.08737	6
2409.93334	10
2410.77934	9
2411.62536	8
2412.4714	11
2413.31747	13
2414.16356	16
2415.00967	9
2415.85581	23
2416.70197	18
2417.54816	11
2418.39437	12
2419.2406	23
2420.08685	14
2420.93313	7
2421.77943	9
2422.62576	7
2423.47211	10
2424.31848	12
2425.16488	7
2426.0113	10
2426.85774	9
2427.70421	3
2428.5507	7
2429.39722	6
2430.24375	7
2431.09032	5
2431.9369	8
2432.78351	6
2433.63014	6
2434.4768	6
2435.32348	7
2436.17018	4
2437.01691	9
2437.86366	8
2438.71043	4
2439.55723	7
2440.40405	3
2441.25089	2
2442.09776	7
2442.94465	8
2443.79157	6
2444.6385	4
2445.48547	6
2446.33245	8
2447.17946	8
2448.02649	4
2448.87355	6
2449.72063	2
2450.56773	6
2451.41486	6
2452.26201	12
2453.10919	4
2453.95638	6
2454.8036	4
2455.65085	6
2456.49812	4
2457.34541	4
2458.19273	6
2459.04006	5
2459.88743	5
2460.73481	3
2461.58222	10
2462.42966	3
2463.27711	4
2464.12459	8
2464.9721	5
2465.81962	7
2466.66718	2
2467.51475	7
2468.36235	4
2469.20997	4
2470.05762	6
2470.90528	4
2471.75298	4
2472.60069	5
2473.44843	4
2474.29619	3
2475.14398	2
2475.99179	4
2476.83963	3
2477.68748	5
2478.53536	4
2479.38327	4
2480.2312	5
2481.07915	6
2481.92712	7
2482.77512	7
2483.62314	3
2484.47119	2
2485.31926	4
2486.16735	2
2487.01547	3
2487.86361	2
2488.71177	3
2489.55996	3
2490.40817	1
2491.2564	1
2492.10466	4
2492.95294	0
2493.80125	3
2494.64958	2
2495.49793	4
2496.3463	2
2497.1947	3
2498.04312	2
2498.89157	2
2499.74004	3
2500.58853	5
2501.43705	2
2502.28559	3
2503.13416	4
2503.98274	8
2504.83135	2
2505.67999	4
2506.52865	4
2507.37733	1
2508.22603	2
2509.07476	1
2509.92352	4
2510.77229	3
2511.62109	1
2512.46991	7
2513.31876	3
2514.16763	4
2515.01653	6
2515.86544	3
2516.71438	3
2517.56335	2
2518.41234	5
2519.26135	2
2520.11038	3
2520.95944	3
2521.80852	1
2522.65763	2
2523.50676	2
2524.35591	3
2525.20509	2
2526.05429	3
2526.90351	2
2527.75276	1
2528.60203	3
2529.45132	0
2530.30064	4
2531.14998	5
2531.99935	0
2532.84874	3
2533.69815	3
2534.54758	5
2535.39704	1
2536.24653	3
2537.09603	1
2537.94556	2
2538.79512	4
2539.64469	4
2540.49429	4
2541.34392	0
2542.19357	6
2543.04324	2
2543.89293	3
2544.74265	3
2545.59239	7
2546.44216	4
2547.29195	2
2548.14176	4
2548.9916	6
2549.84146	3
2550.69134	2
2551.54125	3
2552.39118	3
2553.24113	5
2554.09111	2
2554.94111	4
2555.79113	2
2556.64118	4
2557.49125	3
2558.34135	2
2559.19147	1
2560.04161	3
2560.89177	1
2561.74196	4
2562.59218	2
2563.44241	4
2564.29267	1
2565.14296	3
2565.99327	1
2566.8436	4
2567.69395	5
2568.54433	3
2569.39473	1
2570.24516	7
2571.0956	5
2571.94608	15
2572.79657	11
2573.64709	21
2574.49763	33
2575.3482	53
2576.19879	77
2577.0494	145
2577.90004	154
2578.7507	225
2579.60139	284
2580.45209	287
2581.30282	285
2582.15358	259
2583.00436	198
2583.85516	174
2584.70599	134
2585.55683	77
2586.40771	68
2587.2586	45
2588.10952	27
2588.96047	22
2589.81143	8
2590.66242	2
2591.51344	2
2592.36448	1
2593.21554	2
2594.06662	0
2594.91773	0
2595.76886	0
2596.62002	1
2597.4712	0
2598.3224	0
2599.17362	1
2600.02487	0
2600.87615	2
2601.72744	0
2602.57876	0
2603.43011	0
2604.28148	0
2605.13287	0
2605.98428	0
2606.83572	0
2607.68718	0
2608.53867	0
2609.39017	0
2610.24171	0
2611.09326	0
2611.94484	1
2612.79645	0
2613.64807	0
2614.49972	0
2615.3514	1
2616.20309	0
2617.05481	1
2617.90656	0
2618.75833	0
2619.61012	1
2620.46193	1
2621.31377	0
2622.16563	0
2623.01752	0
2623.86943	0
2624.72136	0
2625.57332	0
2626.4253	1
2627.2773	0
2628.12933	0
2628.98138	0
2629.83345	0
2630.68555	0
2631.53767	0
2632.38982	1
2633.24198	0
2634.09418	0
2634.94639	0
2635.79863	0
2636.65089	0
2637.50318	0
2638.35549	0
2639.20782	0
2640.06018	1
2640.91256	1
2641.76496	0
2642.61739	0
2643.46984	0
2644.32232	0
2645.17481	0
2646.02734	0
2646.87988	0
2647.73245	2
2648.58504	1
2649.43766	0
2650.2903	1
2651.14296	1
2651.99565	0
2652.84836	0
2653.70109	0
2654.55385	0
2655.40663	0
2656.25943	0
2657.11226	0
2657.96511	0
2658.81799	0
2659.67089	0
2660.52381	0
2661.37676	0
2662.22972	0
2663.08272	0
2663.93573	0
2664.78877	0
2665.64184	0
2666.49492	0
2667.34804	0
2668.20117	0
2669.05433	0
2669.90751	0
2670.76071	0
2671.61394	0
2672.46719	0
2673.32047	0
2674.17377	0
2675.02709	0
2675.88044	0
2676.73381	0
2677.5872	0
2678.44062	1
2679.29406	0
2680.14752	0
2681.00101	0
2681.85452	1
2682.70806	0
2683.56161	0
2684.4152	0
2685.2688	0
2686.12243	0
2686.97608	0
2687.82976	0
2688.68346	0
2689.53718	0
2690.39093	0
2691.2447	1
2692.09849	0
2692.95231	1
2693.80615	0
2694.66002	0
2695.5139	0
2696.36782	0
2697.22175	0
2698.07571	1
2698.92969	0
2699.7837	0
2700.63773	1
2701.49178	0
2702.34586	1
2703.19996	0
2704.05408	0
2704.90823	0
2705.7624	0
2706.61659	0
2707.47081	1
2708.32505	0
2709.17932	0
2710.03361	0
2710.88792	1
2711.74225	0
2712.59661	0
2713.451	1
2714.3054	0
2715.15983	1
2716.01428	1
2716.86876	0
2717.72326	0
2718.57779	0
2719.43233	0
2720.28691	0
2721.1415	0
2721.99612	0
2722.85076	0
2723.70543	0
2724.56012	0
2725.41483	0
2726.26956	0
2727.12432	0
2727.97911	0
2728.83391	0
2729.68874	0
2730.5436	0
2731.39848	0
2732.25338	0
2733.1083	0
2733.96325	0
2734.81822	1
2735.67322	0
2736.52824	2
2737.38328	0
2738.23834	0
2739.09343	0
2739.94855	0
2740.80368	0
2741.65884	0
2742.51403	0
2743.36923	0
2744.22447	1
2745.07972	0
2745.935	0
2746.7903	1
2747.64562	0
2748.50097	0
2749.35634	0
2750.21174	0
2751.06716	0
2751.9226	0
2752.77807	0
2753.63356	0
2754.48907	1
2755.34461	0
2756.20017	0
2757.05576	0
2757.91136	0
2758.76699	0
2759.62265	0
2760.47833	0
2761.33403	0
2762.18976	0
2763.0455	1
2763.90128	0
2764.75707	0
2765.61289	0
2766.46874	0
2767.3246	0
2768.18049	0
2769.03641	0
2769.89235	0
2770.74831	0
2771.60429	0
2772.4603	0
2773.31633	0
2774.17239	0
2775.02847	0
2775.88457	0
2776.74069	1
2777.59684	0
2778.45302	0
2779.30921	0
2780.16543	1
2781.02168	0
2781.87795	0
2782.73424	0
2783.59055	0
2784.44689	1
2785.30325	0
2786.15964	0
2787.01604	0
2787.87248	0
2788.72893	0
2789.58541	0
2790.44192	0
2791.29844	0
2792.15499	0
2793.01157	0
2793.86816	0
2794.72478	0
2795.58143	0
2796.4381	0
2797.29479	0
2798.1515	0
2799.00824	2
2799.865	0
2800.72179	0
2801.5786	0
2802.43543	0
2803.29229	0
2804.14917	0
2805.00607	0
2805.863	0
2806.71995	0
2807.57692	1
2808.43392	0
2809.29094	0
2810.14799	1
2811.00505	0
2811.86215	0
2812.71926	0
2813.5764	0
2814.43356	0
2815.29075	1
2816.14796	2
2817.00519	0
2817.86245	0
2818.71973	0
2819.57703	1
2820.43436	0
2821.29171	1
2822.14909	0
2823.00649	0
2823.86391	0
2824.72135	0
2825.57882	0
2826.43631	0
2827.29383	0
2828.15137	0
2829.00893	1
2829.86652	0
2830.72413	0
2831.58176	0
2832.43942	0
2833.2971	0
2834.15481	0
2835.01253	0
2835.87029	0
2836.72806	0
2837.58586	0
2838.44368	0
2839.30153	0
2840.1594	0
2841.01729	0
2841.87521	0
2842.73315	0
2843.59111	0
2844.4491	0
2845.30711	0
2846.16514	0
2847.0232	1
2847.88128	1
2848.73939	0
2849.59751	0
2850.45567	0
2851.31384	0
2852.17204	0
2853.03026	0
2853.88851	0
2854.74678	0
2855.60507	0
2856.46339	0
2857.32173	1
2858.18009	0
2859.03848	0
2859.89689	0
2860.75533	0
2861.61379	0
2862.47227	0
2863.33077	2
2864.1893	0
2865.04786	0
2865.90643	1
2866.76503	1
2867.62365	1
2868.4823	1
2869.34097	1
2870.19966	0
2871.05838	0
2871.91712	0
2872.77589	0
2873.63468	0
2874.49349	0
2875.35232	0
2876.21118	0
2877.07006	0
2877.92897	0
2878.7879	1
2879.64685	0
2880.50583	0
2881.36483	0
2882.22385	2
2883.0829	1
2883.94197	0
2884.80106	0
2885.66018	1
2886.51932	0
2887.37849	0
2888.23768	0
2889.09689	0
2889.95613	0
2890.81539	0
2891.67467	0
2892.53397	0
2893.3933	1
2894.25266	0
2895.11203	0
2895.97144	0
2896.83086	0
2897.69031	1
2898.54978	0
2899.40927	0
2900.26879	0
2901.12833	1
2901.9879	0
2902.84749	0
2903.7071	0
2904.56674	0
2905.4264	0
2906.28608	0
2907.14579	0
2908.00552	0
2908.86527	0
2909.72505	0
2910.58485	0
2911.44467	0
2912.30452	1
2913.16439	0
2914.02429	1
2914.88421	0
2915.74415	0
2916.60412	0
2917.46411	0
2918.32412	0
2919.18416	0
2920.04422	0
2920.9043	0
2921.76441	0
2922.62454	1
2923.48469	0
2924.34487	0
2925.20507	0
2926.0653	0
2926.92555	0
2927.78582	0
2928.64611	0
2929.50643	0
2930.36678	0
2931.22714	0
2932.08753	0
2932.94795	0
2933.80838	0
2934.66884	0
2935.52933	0
2936.38984	0
2937.25037	0
2938.11092	0
2938.9715	0
2939.8321	0
2940.69273	0
2941.55338	0
2942.41405	0
2943.27475	0
2944.13547	0
2944.99621	0
2945.85698	0
2946.71777	0
2947.57858	0
2948.43942	0
2949.30028	0
2950.16117	1
2951.02207	0
2951.88301	0
2952.74396	0
2953.60494	0
2954.46594	0
2955.32697	1
2956.18802	0
2957.04909	0
2957.91019	0
2958.77131	0
2959.63245	0
2960.49362	0
2961.35481	1
2962.21603	0
2963.07726	0
2963.93853	0
2964.79981	2
2965.66112	0
2966.52245	0
2967.38381	0
2968.24519	0
2969.10659	1
2969.96802	0
2970.82947	0
2971.69094	0
2972.55244	1
2973.41396	1
2974.2755	0
2975.13707	0
2975.99866	0
2976.86028	1
2977.72192	0
2978.58358	0
2979.44526	0
2980.30697	0
2981.16871	0
2982.03046	0
2982.89224	0
2983.75405	0
2984.61587	0
2985.47772	0
2986.3396	0
2987.2015	1
2988.06342	0
2988.92536	0
2989.78733	0
2990.64932	0
2991.51134	0
2992.37338	0
2993.23544	1
2994.09753	0
2994.95963	0
2995.82177	0
2996.68393	1
2997.54611	0
2998.40831	0
2999.27054	0
3000.13279	0
3000.99506	0
3001.85736	0
3002.71968	0
3003.58203	0
3004.4444	1
3005.30679	0
3006.16921	0
3007.03165	0
3007.89411	0
3008.75659	0
3009.61911	2
3010.48164	0
3011.3442	0
3012.20678	0
3013.06938	0
3013.93201	0
3014.79466	0
3015.65734	0
3016.52004	0
3017.38276	0
3018.2455	0
3019.10827	1
3019.97107	1
3020.83388	0
3021.69672	0
3022.55959	0
3023.42247	0
3024.28538	1
3025.14832	0
3026.01128	0
3026.87426	0
3027.73726	0
3028.60029	0
3029.46334	0
3030.32642	2
3031.18952	0
3032.05264	0
3032.91579	0
3033.77896	1
3034.64215	0
3035.50537	0
3036.36861	0
3037.23187	0
3038.09516	0
3038.95847	0
3039.8218	0
3040.68516	0
3041.54854	0
3042.41195	0
3043.27538	0
3044.13883	0
3045.00231	0
3045.86581	0
3046.72933	2
3047.59288	0
3048.45645	0
3049.32004	0
3050.18366	1
3051.0473	0
3051.91096	0
3052.77465	0
3053.63836	0
3054.5021	0
3055.36586	0
3056.22964	0
3057.09345	0
3057.95728	0
3058.82113	0
3059.68501	0
3060.54891	1
3061.41283	0
3062.27678	0
3063.14075	0
3064.00474	0
3064.86876	0
3065.7328	0
3066.59687	0
3067.46096	0
3068.32507	0
3069.1892	0
3070.05336	0
3070.91755	0
3071.78175	1
3072.64598	0
3073.51024	0
3074.37451	0
3075.23881	0
3076.10314	0
3076.96748	0
3077.83186	0
3078.69625	0
3079.56067	0
3080.42511	0
3081.28958	0
3082.15407	0
3083.01858	0
3083.88311	0
3084.74767	0
3085.61226	0
3086.47686	0
3087.3415	0
3088.20615	0
3089.07083	0
3089.93553	0
3090.80025	0
3091.665	0
3092.52977	0
3093.39457	0
3094.25939	0
3095.12423	0
3095.9891	0
3096.85398	0
3097.7189	0
3098.58383	0
3099.44879	0
3100.31378	0
3101.17879	0
3102.04382	1
3102.90887	0
3103.77395	0
3104.63905	1
3105.50418	0
3106.36932	0
3107.2345	0
3108.09969	0
3108.96491	0
3109.83016	0
3110.69542	0
3111.56071	1
3112.42603	0
3113.29136	0
3114.15672	0
3115.02211	0
3115.88752	0
3116.75295	0
3117.6184	0
3118.48388	0
3119.34938	0
3120.21491	1
3121.08046	0
3121.94603	0
3122.81163	0
3123.67725	0
3124.54289	0
3125.40856	0
3126.27425	0
3127.13996	0
3128.0057	0
3128.87146	0
3129.73724	0
3130.60305	0
3131.46888	0
3132.33474	0
3133.20062	1
3134.06652	0
3134.93245	0
3135.7984	0
3136.66437	1
3137.53037	0
3138.39639	0
3139.26243	0
3140.1285	0
3140.99459	0
3141.8607	0
3142.72684	0
3143.593	1
3144.45919	0
3145.3254	0
3146.19163	0
3147.05789	0
3147.92417	0
3148.79047	1
3149.6568	0
3150.52315	0
3151.38952	0
3152.25592	0
3153.12234	0
3153.98878	0
3154.85525	0
3155.72174	0
3156.58826	0
3157.4548	0
3158.32136	0
3159.18794	0
3160.05455	0
3160.92119	0
3161.78784	0
3162.65452	0
3163.52123	0
3164.38795	0
3165.2547	0
3166.12148	0
3166.98828	0
3167.8551	0
3168.72194	0
3169.58881	0
3170.4557	0
3171.32262	0
3172.18956	0
3173.05652	0
3173.92351	0
3174.79052	0
3175.65755	0
3176.52461	0
3177.39169	0
3178.25879	0
3179.12592	0
3179.99307	1
3180.86024	0
3181.72744	0
3182.59466	0
3183.46191	0
3184.32918	0
3185.19647	0
3186.06379	0
3186.93113	0
3187.79849	0
3188.66588	0
3189.53329	1
3190.40072	0
3191.26818	0
3192.13566	0
3193.00316	0
3193.87069	0
3194.73824	0
3195.60582	0
3196.47342	0
3197.34104	0
3198.20868	0
3199.07635	0
3199.94405	0
3200.81176	0
3201.6795	0
3202.54727	0
3203.41505	0
3204.28286	0
3205.1507	0
3206.01856	0
3206.88644	0
3207.75434	0
3208.62227	0
3209.49022	0
3210.3582	0
3211.2262	0
3212.09422	1
3212.96227	0
3213.83034	0
3214.69843	0
3215.56655	0
3216.43469	0
3217.30285	0
3218.17104	0
3219.03925	1
3219.90749	0
3220.77574	1
3221.64403	0
3222.51233	1
3223.38066	0
3224.24901	0
3225.11739	0
3225.98579	0
3226.85421	0
3227.72266	0
3228.59113	1
3229.45962	0
3230.32814	0
3231.19668	0
3232.06525	0
3232.93383	0
3233.80245	0
3234.67108	0
3235.53974	0
3236.40842	0
3237.27713	0
3238.14586	0
3239.01461	0
3239.88339	0
3240.75219	1
3241.62101	0
3242.48986	0
3243.35873	0
3244.22762	0
3245.09654	0
3245.96548	0
3246.83445	0
3247.70344	0
3248.57245	0
3249.44149	0
3250.31054	1
3251.17963	0
3252.04873	0
3252.91786	0
3253.78702	0
3254.65619	0
3255.52539	0
3256.39462	0
3257.26387	0
3258.13314	0
3259.00243	1
3259.87175	1
3260.74109	0
3261.61046	0
3262.47985	0
3263.34926	0
3264.2187	0
3265.08816	1
3265.95764	0
3266.82715	0
3267.69668	1
3268.56623	0
3269.43581	0
3270.30541	0
3271.17504	0
3272.04468	0
3272.91436	0
3273.78405	0
3274.65377	0
3275.52351	0
3276.39328	0
3277.26307	0
3278.13288	0
3279.00272	0
3279.87258	0
3280.74246	0
3281.61237	0
3282.4823	0
3283.35225	0
3284.22223	0
3285.09223	0
3285.96226	0
3286.83231	0
3287.70238	0
3288.57248	1
3289.4426	0
3290.31274	1
3291.1829	0
3292.05309	0
3292.92331	0
3293.79355	0
3294.66381	0
3295.53409	0
3296.4044	0
3297.27473	0
3298.14508	0
3299.01546	1
3299.88587	0
3300.75629	0
3301.62674	0
3302.49721	0
3303.36771	0
3304.23823	0
3305.10877	0
3305.97934	0
3306.84993	0
3307.72054	0
3308.59118	0
3309.46184	0
3310.33253	0
3311.20324	0
3312.07397	0
3312.94472	0
3313.8155	0
3314.68631	0
3315.55713	0
3316.42798	0
3317.29885	0
3318.16975	0
3319.04067	0
3319.91162	0
3320.78258	0
3321.65357	1
3322.52459	0
3323.39563	0
3324.26669	0
3325.13777	0
3326.00888	1
3326.88002	0
3327.75117	0
3328.62235	2
3329.49355	0
3330.36478	0
3331.23603	0
3332.1073	0
3332.9786	0
3333.84992	1
3334.72127	0
3335.59263	0
3336.46403	0
3337.33544	0
3338.20688	0
3339.07834	0
3339.94983	0
3340.82134	1
3341.69287	0
3342.56443	0
3343.43601	0
3344.30761	0
3345.17924	0
3346.05089	0
3346.92256	0
3347.79426	0
3348.66598	0
3349.53773	0
3350.40949	0
3351.28129	0
3352.1531	0
3353.02494	1
3353.8968	0
3354.76869	0
3355.6406	0
3356.51253	0
3357.38449	0
3358.25647	0
3359.12847	1
3360.0005	0
3360.87255	1
3361.74463	0
3362.61673	0
3363.48885	0
3364.36099	0
3365.23316	0
3366.10535	0
3366.97757	0
3367.84981	0
3368.72207	0
3369.59436	0
3370.46667	0
3371.339	0
3372.21136	0
3373.08374	0
3373.95615	0
3374.82858	0
3375.70103	0
3376.5735	0
3377.446	0
3378.31852	0
3379.19107	0
3380.06364	0
3380.93623	0
