5.14045	0
5.9166	0
6.69277	0
7.46897	0
8.24518	0
9.02143	0
9.79769	0
10.57398	0
11.35029	0
12.12663	0
12.90299	0
13.67937	0
14.45578	0
15.23221	0
16.00866	0
16.78514	0
17.56164	0
18.33816	0
19.11471	0
19.89128	0
20.66788	0
21.44449	0
22.22114	0
22.9978	0
23.77449	0
24.5512	0
25.32794	0
26.1047	0
26.88148	0
27.65829	0
28.43512	0
29.21198	0
29.98885	0
30.76575	0
31.54268	0
32.31963	0
33.0966	0
33.87359	0
34.65061	0
35.42766	0
36.20472	0
36.98181	0
37.75893	0
38.53606	0
39.31322	0
40.09041	0
40.86761	0
41.64484	0
42.4221	0
43.19938	0
43.97668	0
44.754	0
45.53135	0
46.30873	0
47.08612	0
47.86354	0
48.64098	0
49.41845	0
50.19594	0
50.97345	0
51.75099	0
52.52855	0
53.30614	0
54.08374	0
54.86138	0
55.63903	0
56.41671	0
57.19441	0
57.97214	0
58.74989	0
59.52766	0
60.30546	0
61.08328	0
61.86112	0
62.63899	0
63.41688	0
64.19479	0
64.97273	10
65.75069	335
66.52867	2353
67.30668	3315
68.08472	3474
68.86277	3401
69.64085	3482
70.41895	3588
71.19708	3694
71.97523	3562
72.7534	3684
73.5316	3861
74.30982	3831
75.08806	3894
75.86633	3910
76.64462	4022
77.42294	3947
78.20127	3857
78.97964	3996
79.75802	3844
80.53643	3995
81.31486	4005
82.09332	3990
82.8718	4238
83.6503	4224
84.42883	4220
85.20738	4330
85.98595	4330
86.76455	4425
87.54317	4253
88.32182	4330
89.10048	4419
89.87917	4451
90.65789	4446
91.43663	4428
92.21539	4435
92.99418	4513
93.77299	4464
94.55182	4455
95.33068	4541
96.10956	4463
96.88846	4496
97.66739	4613
98.44634	4451
99.22531	4603
100.00431	4555
100.78333	4590
101.56238	4656
102.34144	4641
103.12054	4583
103.89965	4647
104.67879	4791
105.45795	4701
106.23714	4723
107.01635	4559
107.79558	4546
108.57484	4623
109.35412	4653
110.13342	4695
110.91275	4650
111.6921	4661
112.47148	4699
113.25088	4543
114.0303	4738
114.80974	4570
115.58921	4647
116.36871	4698
117.14822	4508
117.92776	4650
118.70732	4563
119.48691	4691
120.26652	4514
121.04616	4563
121.82581	4590
122.60549	4705
123.3852	4584
124.16493	4639
124.94468	4557
125.72445	4603
126.50425	4546
127.28407	4446
128.06392	4618
128.84379	4601
129.62368	4526
130.4036	4470
131.18354	4556
131.9635	4558
132.74349	4364
133.5235	4460
134.30354	4358
135.08359	4250
135.86368	4419
136.64378	4356
137.42391	4364
138.20406	4259
138.98424	4238
139.76444	4319
140.54466	4329
141.32491	4194
142.10518	4364
142.88547	4258
143.66579	4239
144.44613	4242
145.22649	4179
146.00688	4157
146.78729	4059
147.56772	4195
148.34818	4086
149.12866	4118
149.90917	4037
150.6897	4128
151.47025	4090
152.25083	3982
153.03143	4047
153.81205	3940
154.5927	3911
155.37337	3908
156.15406	3982
156.93478	3887
157.71552	3875
158.49629	3919
159.27707	3760
160.05789	3831
160.83872	3794
161.61958	3802
162.40046	3842
163.18137	3827
163.9623	3647
164.74325	3671
165.52423	3602
166.30523	3584
167.08625	3752
167.8673	3568
168.64837	3653
169.42946	3572
170.21058	3520
170.99172	3593
171.77289	3498
172.55408	3560
173.33529	3582
174.11653	3546
174.89779	3477
175.67907	3487
176.46038	3446
177.24171	3476
178.02306	3491
178.80444	3388
179.58584	3627
180.36726	3505
181.14871	3514
181.93018	3661
182.71168	3615
183.49319	3706
184.27474	3667
185.0563	3877
185.83789	3782
186.6195	3836
187.40114	3700
188.1828	3562
188.96448	3662
189.74619	3638
190.52792	3698
191.30967	3479
192.09145	3497
192.87325	3471
193.65508	3673
194.43693	3528
195.2188	3476
196.00069	3422
196.78261	3515
197.56456	3381
198.34652	3487
199.12851	3361
199.91052	3359
200.69256	3269
201.47462	3383
202.25671	3409
203.03881	3426
203.82094	3289
204.6031	3215
205.38528	3241
206.16748	3189
206.9497	3201
207.73195	3240
208.51422	3320
209.29652	3252
210.07884	3174
210.86118	3073
211.64355	3031
212.42594	3126
213.20835	3074
213.99079	3094
214.77325	3031
215.55574	2963
216.33824	2976
217.12078	3011
217.90333	3013
218.68591	2861
219.46851	2857
220.25114	2931
221.03379	2817
221.81646	2863
222.59916	2862
223.38188	2840
224.16462	2818
224.94739	2808
225.73018	2833
226.51299	2763
227.29583	2724
228.07869	2700
228.86158	2634
229.64448	2648
230.42742	2570
231.21037	2666
231.99335	2651
232.77635	2588
233.55938	2630
234.34243	2500
235.1255	2513
235.9086	2732
236.69172	3072
237.47486	3925
238.25803	4540
239.04122	4173
239.82444	3431
240.60768	2867
241.39094	2617
242.17422	2560
242.95753	2397
243.74086	2303
244.52422	2189
245.3076	2235
246.091	2289
246.87443	2228
247.65788	2248
248.44135	2112
249.22485	2102
250.00837	2120
250.79192	2182
251.57548	2208
252.35908	2121
253.14269	2109
253.92633	2032
254.70999	2015
255.49368	2125
256.27739	2037
257.06112	2034
257.84488	2040
258.62866	2061
259.41246	1993
260.19629	2017
260.98014	1986
261.76401	2037
262.54791	2040
263.33183	1973
264.11578	1927
264.89974	1997
265.68374	1984
266.46775	2007
267.25179	1932
268.03585	1958
268.81994	2073
269.60405	2121
270.38818	2089
271.17234	2002
271.95652	1927
272.74073	1948
273.52495	1882
274.3092	1809
275.09348	1952
275.87778	1902
276.6621	1912
277.44645	1979
278.23081	1828
279.01521	1944
279.79962	1766
280.58406	1824
281.36853	1852
282.15301	1786
282.93752	1830
283.72206	1716
284.50661	1726
285.2912	1833
286.0758	1717
286.86043	1766
287.64508	1835
288.42976	1820
289.21445	1823
289.99918	1745
290.78392	1744
291.56869	1817
292.35348	1813
293.1383	1821
293.92314	1909
294.70801	2057
295.49289	2025
296.2778	1903
297.06274	1838
297.8477	1754
298.63268	1795
299.41768	1797
300.20271	1799
300.98776	1937
301.77284	1665
302.55794	1733
303.34306	1696
304.12821	1608
304.91338	1632
305.69857	1668
306.48379	1606
307.26903	1626
308.05429	1678
308.83958	1673
309.62489	1633
310.41023	1629
311.19559	1589
311.98097	1599
312.76637	1607
313.5518	1630
314.33725	1674
315.12273	1533
315.90823	1652
316.69375	1605
317.4793	1572
318.26487	1643
319.05047	1625
319.83608	1555
320.62172	1576
321.40739	1526
322.19308	1574
322.97879	1545
323.76452	1512
324.55028	1558
325.33607	1595
326.12187	1586
326.9077	1656
327.69355	1671
328.47943	1767
329.26533	1739
330.05126	1636
330.8372	1559
331.62317	1549
332.40917	1590
333.19519	1565
333.98123	1588
334.76729	1494
335.55338	1525
336.33949	1650
337.12563	1753
337.91179	1924
338.69797	1989
339.48418	1840
340.27041	1626
341.05666	1519
341.84294	1512
342.62924	1462
343.41556	1452
344.20191	1445
344.98828	1454
345.77468	1510
346.5611	1452
347.34754	1514
348.13401	1522
348.92049	1479
349.70701	1538
350.49354	1747
351.2801	1983
352.06669	2060
352.85329	2024
353.63992	1760
354.42658	1537
355.21326	1496
355.99996	1481
356.78668	1463
357.57343	1483
358.3602	1473
359.147	1378
359.93382	1419
360.72066	1422
361.50753	1443
362.29442	1447
363.08133	1438
363.86827	1411
364.65523	1385
365.44221	1389
366.22922	1487
367.01625	1396
367.8033	1407
368.59038	1388
369.37748	1398
370.16461	1465
370.95176	1417
371.73893	1439
372.52612	1426
373.31334	1427
374.10059	1364
374.88785	1479
375.67514	1357
376.46246	1381
377.2498	1410
378.03716	1439
378.82454	1440
379.61195	1450
380.39938	1416
381.18684	1349
381.97431	1419
382.76182	1404
383.54934	1413
384.33689	1367
385.12446	1469
385.91206	1430
386.69968	1450
387.48732	1382
388.27499	1374
389.06268	1463
389.8504	1436
390.63813	1434
391.42589	1470
392.21368	1387
393.00149	1349
393.78932	1450
394.57718	1441
395.36506	1403
396.15296	1471
396.94088	1373
397.72883	1385
398.51681	1435
399.3048	1486
400.09282	1384
400.88087	1462
401.66894	1417
402.45703	1441
403.24514	1375
404.03328	1498
404.82144	1468
405.60963	1510
406.39784	1431
407.18607	1406
407.97432	1415
408.7626	1492
409.55091	1513
410.33923	1470
411.12758	1560
411.91596	1504
412.70436	1436
413.49278	1470
414.28122	1438
415.06969	1453
415.85818	1475
416.6467	1410
417.43523	1447
418.2238	1496
419.01238	1459
419.80099	1426
420.58963	1461
421.37828	1461
422.16696	1450
422.95567	1446
423.74439	1524
424.53314	1433
425.32192	1537
426.11072	1439
426.89954	1437
427.68838	1497
428.47725	1491
429.26614	1420
430.05506	1467
430.844	1447
431.63296	1447
432.42195	1450
433.21096	1528
433.99999	1529
434.78905	1541
435.57813	1548
436.36723	1546
437.15636	1577
437.94551	1584
438.73469	1498
439.52388	1544
440.31311	1535
441.10235	1559
441.89162	1579
442.68091	1585
443.47023	1527
444.25957	1500
445.04893	1552
445.83832	1540
446.62773	1590
447.41716	1547
448.20662	1547
448.9961	1680
449.78561	1585
450.57513	1612
451.36469	1599
452.15426	1511
452.94386	1574
453.73348	1572
454.52313	1610
455.3128	1659
456.10249	1685
456.89221	1628
457.68195	1677
458.47171	1655
459.2615	1640
460.05131	1691
460.84114	1625
461.631	1719
462.42088	1734
463.21079	1861
464.00072	1777
464.79067	1705
465.58065	1627
466.37065	1632
467.16067	1654
467.95071	1625
468.74078	1674
469.53088	1577
470.321	1630
471.11114	1629
471.9013	1606
472.69149	1619
473.4817	1595
474.27193	1553
475.06219	1499
475.85247	1421
476.64278	1442
477.43311	1423
478.22346	1322
479.01384	1333
479.80424	1270
480.59466	1177
481.38511	1195
482.17558	1169
482.96607	1134
483.75659	1113
484.54713	1084
485.3377	1181
486.12828	1086
486.9189	1050
487.70953	1006
488.50019	1053
489.29087	1006
490.08158	1013
490.87231	1074
491.66306	967
492.45384	979
493.24464	960
494.03546	964
494.82631	999
495.61718	954
496.40808	987
497.19899	937
497.98994	990
498.7809	873
499.57189	957
500.3629	935
501.15394	912
501.945	930
502.73608	929
503.52719	898
504.31832	886
505.10947	883
505.90065	910
506.69185	905
507.48307	867
508.27432	948
509.06559	1017
509.85689	1165
510.64821	1233
511.43955	1293
512.23091	1158
513.0223	1005
513.81372	930
514.60515	870
515.39661	836
516.18809	801
516.9796	775
517.77113	802
518.56269	813
519.35426	717
520.14587	767
520.93749	792
521.72914	715
522.52081	725
523.31251	749
524.10423	731
524.89597	690
525.68773	712
526.47952	745
527.27134	725
528.06317	681
528.85503	705
529.64692	712
530.43883	659
531.23076	657
532.02271	683
532.81469	668
533.60669	702
534.39872	686
535.19077	694
535.98284	654
536.77493	651
537.56705	643
538.3592	621
539.15136	632
539.94355	590
540.73577	597
541.528	609
542.32027	592
543.11255	551
543.90486	604
544.69719	612
545.48954	626
546.28192	598
547.07433	554
547.86675	535
548.6592	550
549.45167	586
550.24417	562
551.03669	571
551.82923	514
552.6218	542
553.41439	513
554.20701	519
554.99964	541
555.7923	549
556.58499	549
557.3777	524
558.17043	558
558.96319	505
559.75596	492
560.54877	536
561.34159	513
562.13444	528
562.92732	557
563.72021	509
564.51313	495
565.30608	495
566.09905	480
566.89204	500
567.68505	528
568.47809	484
569.27115	474
570.06424	483
570.85735	490
571.65048	529
572.44363	476
573.23681	476
574.03002	494
574.82324	481
575.61649	503
576.40977	462
577.20307	474
577.99639	448
578.78973	490
579.5831	450
580.37649	481
581.16991	638
581.96335	991
582.75681	1404
583.55029	1468
584.3438	1239
585.13734	812
585.93089	514
586.72447	484
587.51808	413
588.3117	465
589.10535	430
589.89903	417
590.69273	425
591.48645	390
592.28019	450
593.07396	423
593.86775	415
594.66157	395
595.45541	416
596.24927	394
597.04316	429
597.83707	426
598.631	458
599.42496	455
600.21894	419
601.01294	393
601.80697	411
602.60102	415
603.3951	428
604.18919	416
604.98332	390
605.77746	417
606.57163	461
607.36582	581
608.16004	776
608.95428	941
609.74854	1060
610.54283	880
611.33714	566
612.13147	437
612.92583	417
613.72021	432
614.51462	427
615.30905	396
616.1035	430
616.89797	386
617.69247	347
618.48699	395
619.28154	400
620.07611	425
620.8707	426
621.66532	400
622.45996	386
623.25462	414
624.04931	359
624.84402	389
625.63876	380
626.43351	391
627.2283	416
628.0231	392
628.81793	372
629.61278	388
630.40766	404
631.20256	386
631.99748	380
632.79243	363
633.5874	344
634.38239	331
635.17741	366
635.97245	389
636.76751	383
637.5626	378
638.35771	374
639.15285	353
639.948	381
640.74319	436
641.53839	389
642.33362	356
643.12887	359
643.92415	409
644.71945	419
645.51477	381
646.31012	387
647.10549	380
647.90088	430
648.6963	393
649.49174	408
650.28721	435
651.0827	396
651.87821	415
652.67374	454
653.4693	415
654.26489	426
655.06049	416
655.85612	436
656.65177	447
657.44745	717
658.24315	2067
659.03888	7017
659.83462	19410
660.63039	37543
661.42619	49284
662.22201	45222
663.01785	28585
663.81371	12212
664.6096	3420
665.40551	788
666.20145	294
666.99741	239
667.79339	259
668.5894	216
669.38543	232
670.18148	255
670.97756	238
671.77366	263
672.56979	235
673.36593	205
674.1621	252
674.9583	225
675.75452	225
676.55076	219
677.34703	235
678.14332	219
678.93963	223
679.73596	204
680.53232	231
681.32871	214
682.12511	213
682.92155	194
683.718	226
684.51448	260
685.31098	221
686.1075	227
686.90405	211
687.70062	220
688.49722	243
689.29384	213
690.09048	207
690.88715	205
691.68384	216
692.48055	220
693.27729	231
694.07405	221
694.87083	204
695.66764	198
696.46447	216
697.26132	222
698.0582	205
698.8551	194
699.65203	241
700.44898	190
701.24595	218
702.04295	204
702.83997	235
703.63701	207
704.43408	211
705.23117	219
706.02828	216
706.82542	213
707.62258	226
708.41976	229
709.21697	213
710.0142	201
710.81146	209
711.60874	188
712.40604	210
713.20336	220
714.00071	215
714.79809	222
715.59548	219
716.3929	191
717.19035	193
717.98781	217
718.78531	187
719.58282	210
720.38036	180
721.17792	205
721.9755	192
722.77311	194
723.57074	207
724.3684	203
725.16608	256
725.96378	350
726.76151	416
727.55926	370
728.35703	341
729.15483	239
729.95265	209
730.75049	165
731.54836	178
732.34625	215
733.14417	178
733.9421	174
734.74007	191
735.53805	187
736.33606	182
737.13409	187
737.93215	188
738.73023	195
739.52833	176
740.32646	193
741.12461	197
741.92278	170
742.72098	202
743.5192	195
744.31745	178
745.11571	190
745.91401	176
746.71232	185
747.51066	191
748.30902	189
749.10741	173
749.90582	181
750.70425	210
751.50271	172
752.30119	172
753.09969	200
753.89822	212
754.69677	228
755.49534	182
756.29394	205
757.09256	182
757.89121	173
758.68988	174
759.48857	178
760.28728	183
761.08602	182
761.88479	185
762.68357	188
763.48238	194
764.28122	171
765.08007	187
765.87895	185
766.67786	214
767.47679	257
768.27574	234
769.07471	212
769.87371	221
770.67273	225
771.47178	201
772.27085	204
773.06994	203
773.86906	176
774.6682	188
775.46736	176
776.26655	180
777.06576	183
777.86499	171
778.66425	176
779.46353	143
780.26283	171
781.06216	175
781.86151	183
782.66089	180
783.46029	197
784.25971	203
785.05916	194
785.85863	210
786.65812	198
787.45764	161
788.25718	163
789.05674	165
789.85633	147
790.65594	176
791.45557	160
792.25523	179
793.05491	202
793.85462	295
794.65435	266
795.4541	266
796.25387	221
797.05367	173
797.8535	142
798.65334	161
799.45321	171
800.25311	158
801.05302	147
801.85296	164
802.65293	142
803.45292	150
804.25293	150
805.05296	175
805.85302	190
806.6531	163
807.45321	184
808.25334	153
809.05349	135
809.85367	180
810.65387	126
811.45409	171
812.25434	146
813.05461	133
813.8549	142
814.65522	158
815.45556	159
816.25593	149
817.05631	156
817.85673	127
818.65716	161
819.45762	156
820.2581	151
821.05861	170
821.85914	159
822.65969	130
823.46027	149
824.26087	161
825.06149	137
825.86214	165
826.66281	152
827.46351	155
828.26422	152
829.06496	168
829.86573	172
830.66652	184
831.46733	144
832.26817	154
833.06903	190
833.86991	171
834.67082	225
835.47175	191
836.2727	197
837.07368	171
837.87468	150
838.6757	194
839.47675	184
840.27782	169
841.07892	180
841.88004	137
842.68118	123
843.48234	145
844.28353	146
845.08475	136
845.88598	125
846.68724	121
847.48853	134
848.28983	122
849.09116	124
849.89252	135
850.6939	141
851.4953	139
852.29672	157
853.09817	145
853.89964	168
854.70114	167
855.50266	131
856.3042	148
857.10577	143
857.90735	175
858.70897	226
859.51061	261
860.31227	293
861.11395	231
861.91566	173
862.71739	142
863.51914	144
864.32092	128
865.12272	150
865.92455	132
866.7264	144
867.52827	120
868.33017	113
869.13209	145
869.93403	138
870.73599	132
871.53799	128
872.34	127
873.14204	158
873.9441	135
874.74618	143
875.54829	133
876.35042	147
877.15258	138
877.95476	128
878.75696	123
879.55918	133
880.36143	115
881.16371	149
881.966	151
882.76832	137
883.57067	120
884.37303	164
885.17542	120
885.97784	151
886.78028	151
887.58274	148
888.38522	121
889.18773	129
889.99026	118
890.79282	152
891.5954	157
892.398	153
893.20063	152
894.00328	118
894.80595	139
895.60865	134
896.41137	132
897.21411	123
898.01688	117
898.81967	154
899.62249	135
900.42532	132
901.22819	128
902.03107	134
902.83398	151
903.63691	146
904.43987	146
905.24285	137
906.04585	145
906.84888	168
907.65193	241
908.455	409
909.2581	639
910.06122	862
910.86437	860
911.66753	573
912.47073	345
913.27394	181
914.07718	143
914.88044	107
915.68373	125
916.48704	104
917.29037	137
918.09373	116
918.89711	114
919.70051	133
920.50394	132
921.30739	115
922.11086	131
922.91436	128
923.71788	138
924.52143	131
925.325	117
926.12859	123
926.9322	110
927.73584	124
928.53951	112
929.34319	115
930.1469	127
930.95064	129
931.75439	135
932.55817	162
933.36198	152
934.16581	146
934.96966	116
935.77353	136
936.57743	132
937.38135	106
938.1853	117
938.98927	116
939.79326	115
940.59728	122
941.40132	122
942.20538	132
943.00947	109
943.81358	123
944.61771	113
945.42187	109
946.22605	99
947.03025	115
947.83448	128
948.63873	145
949.44301	136
950.24731	135
951.05163	121
951.85598	128
952.66035	110
953.46474	136
954.26916	116
955.0736	118
955.87806	119
956.68255	114
957.48706	124
958.29159	139
959.09615	128
959.90073	126
960.70534	135
961.50997	145
962.31462	228
963.11929	253
963.92399	304
964.72872	271
965.53346	306
966.33823	381
967.14303	493
967.94784	548
968.75268	488
969.55755	306
970.36244	179
971.16735	151
971.97228	106
972.77724	115
973.58222	122
974.38723	110
975.19226	93
975.99731	90
976.80239	123
977.60749	104
978.41261	114
979.21776	118
980.02293	109
980.82812	127
981.63334	99
982.43858	89
983.24385	114
984.04913	100
984.85445	93
985.65978	114
986.46514	104
987.27052	112
988.07593	109
988.88136	115
989.68681	103
990.49229	128
991.29779	102
992.10331	112
992.90886	109
993.71443	108
994.52003	95
995.32565	110
996.13129	115
996.93695	110
997.74264	120
998.54835	103
999.35409	119
1000.15985	113
1000.96563	105
1001.77144	112
1002.57727	94
1003.38312	109
1004.189	95
1004.9949	112
1005.80082	115
1006.60677	97
1007.41274	115
1008.21874	108
1009.02476	92
1009.8308	104
1010.63687	92
1011.44296	95
1012.24907	105
1013.0552	110
1013.86136	102
1014.66755	102
1015.47375	108
1016.27999	111
1017.08624	108
1017.89252	119
1018.69882	118
1019.50514	110
1020.31149	101
1021.11786	95
1021.92426	96
1022.73068	106
1023.53712	116
1024.34359	104
1025.15008	108
1025.95659	95
1026.76313	105
1027.56969	105
1028.37627	120
1029.18288	119
1029.98951	103
1030.79617	127
1031.60284	104
1032.40955	115
1033.21627	89
1034.02302	99
1034.82979	87
1035.63659	101
1036.44341	110
1037.25025	107
1038.05712	108
1038.86401	112
1039.67092	99
1040.47786	97
1041.28482	107
1042.0918	99
1042.89881	112
1043.70584	104
1044.5129	111
1045.31998	122
1046.12708	97
1046.93421	106
1047.74136	126
1048.54853	91
1049.35573	114
1050.16295	131
1050.97019	101
1051.77746	99
1052.58475	112
1053.39206	94
1054.1994	85
1055.00676	103
1055.81415	99
1056.62155	105
1057.42899	122
1058.23644	97
1059.04392	90
1059.85142	97
1060.65895	96
1061.4665	116
1062.27407	111
1063.08167	143
1063.88929	106
1064.69694	110
1065.5046	98
1066.31229	134
1067.12001	119
1067.92775	104
1068.73551	113
1069.54329	113
1070.3511	104
1071.15894	111
1071.96679	90
1072.77467	96
1073.58258	95
1074.3905	103
1075.19845	123
1076.00643	125
1076.81442	132
1077.62244	120
1078.43049	110
1079.23856	98
1080.04665	103
1080.85476	108
1081.6629	107
1082.47107	91
1083.27925	97
1084.08746	92
1084.89569	98
1085.70395	101
1086.51223	102
1087.32053	119
1088.12886	94
1088.93721	105
1089.74559	98
1090.55399	112
1091.36241	108
1092.17085	108
1092.97932	122
1093.78781	135
1094.59633	95
1095.40487	114
1096.21343	99
1097.02202	92
1097.83063	114
1098.63926	105
1099.44792	100
1100.2566	116
1101.0653	103
1101.87403	108
1102.68278	107
1103.49156	111
1104.30036	110
1105.10918	121
1105.91802	96
1106.72689	109
1107.53578	123
1108.3447	100
1109.15364	96
1109.9626	111
1110.77159	105
1111.5806	123
1112.38964	95
1113.19869	85
1114.00777	96
1114.81688	107
1115.62601	144
1116.43516	197
1117.24433	179
1118.05353	244
1118.86276	240
1119.672	169
1120.48127	143
1121.29056	141
1122.09988	109
1122.90922	123
1123.71859	98
1124.52797	116
1125.33738	91
1126.14682	88
1126.95628	83
1127.76576	94
1128.57526	95
1129.38479	108
1130.19434	102
1131.00392	112
1131.81352	115
1132.62314	108
1133.43279	114
1134.24246	107
1135.05215	120
1135.86187	82
1136.67161	100
1137.48137	102
1138.29116	112
1139.10097	110
1139.91081	99
1140.72067	114
1141.53055	129
1142.34046	114
1143.15038	107
1143.96034	121
1144.77031	99
1145.58031	95
1146.39034	103
1147.20038	91
1148.01045	130
1148.82055	83
1149.63067	110
1150.44081	107
1151.25097	131
1152.06116	137
1152.87137	117
1153.68161	119
1154.49187	99
1155.30215	121
1156.11246	121
1156.92279	108
1157.73314	95
1158.54352	86
1159.35392	107
1160.16434	116
1160.97479	116
1161.78526	95
1162.59575	115
1163.40627	111
1164.21681	120
1165.02738	98
1165.83797	117
1166.64858	96
1167.45922	122
1168.26988	88
1169.08056	84
1169.89126	94
1170.702	111
1171.51275	109
1172.32353	100
1173.13433	128
1173.94515	102
1174.756	107
1175.56687	87
1176.37777	118
1177.18868	104
1177.99963	120
1178.81059	99
1179.62158	115
1180.43259	127
1181.24363	112
1182.05469	105
1182.86577	108
1183.67688	133
1184.48801	106
1185.29917	111
1186.11034	120
1186.92155	128
1187.73277	108
1188.54402	98
1189.35529	106
1190.16659	124
1190.97791	113
1191.78925	100
1192.60061	113
1193.412	117
1194.22342	97
1195.03486	104
1195.84632	107
1196.6578	98
1197.46931	116
1198.28084	104
1199.09239	97
1199.90397	123
1200.71557	113
1201.5272	119
1202.33885	107
1203.15052	113
1203.96222	109
1204.77394	116
1205.58568	115
1206.39745	107
1207.20924	131
1208.02105	119
1208.83289	135
1209.64475	125
1210.45663	118
1211.26854	110
1212.08047	102
1212.89243	129
1213.70441	121
1214.51641	103
1215.32843	140
1216.14048	137
1216.95256	126
1217.76465	108
1218.57677	101
1219.38892	117
1220.20108	107
1221.01327	119
1221.82549	137
1222.63773	138
1223.44999	112
1224.26227	121
1225.07458	113
1225.88691	122
1226.69927	109
1227.51165	144
1228.32405	119
1229.13648	136
1229.94893	124
1230.7614	101
1231.5739	129
1232.38642	128
1233.19896	140
1234.01153	158
1234.82412	145
1235.63674	175
1236.44938	151
1237.26204	148
1238.07472	119
1238.88743	127
1239.70016	120
1240.51292	90
1241.3257	116
1242.1385	119
1242.95133	101
1243.76418	113
1244.57705	110
1245.38995	104
1246.20287	92
1247.01582	98
1247.82879	84
1248.64178	113
1249.45479	78
1250.26783	96
1251.08089	85
1251.89398	81
1252.70709	101
1253.52022	93
1254.33338	80
1255.14656	94
1255.95976	67
1256.77299	82
1257.58624	73
1258.39952	103
1259.21281	89
1260.02614	94
1260.83948	95
1261.65285	84
1262.46624	69
1263.27966	87
1264.0931	76
1264.90656	89
1265.72005	80
1266.53356	81
1267.34709	74
1268.16065	84
1268.97423	68
1269.78783	106
1270.60146	84
1271.41511	99
1272.22879	85
1273.04248	82
1273.85621	104
1274.66995	88
1275.48372	97
1276.29751	90
1277.11133	81
1277.92517	100
1278.73903	95
1279.55292	89
1280.36683	76
1281.18076	79
1281.99472	56
1282.8087	81
1283.62271	89
1284.43674	78
1285.25079	71
1286.06486	86
1286.87896	77
1287.69309	71
1288.50723	68
1289.3214	87
1290.13559	72
1290.94981	69
1291.76405	67
1292.57832	87
1293.3926	82
1294.20691	56
1295.02125	82
1295.83561	57
1296.64999	69
1297.46439	54
1298.27882	69
1299.09327	93
1299.90775	51
1300.72225	76
1301.53677	64
1302.35132	60
1303.16589	93
1303.98048	72
1304.7951	69
1305.60974	67
1306.42441	71
1307.23909	59
1308.0538	73
1308.86854	79
1309.6833	67
1310.49808	84
1311.31289	57
1312.12772	72
1312.94257	74
1313.75744	75
1314.57234	60
1315.38727	64
1316.20221	68
1317.01719	62
1317.83218	73
1318.6472	58
1319.46224	68
1320.2773	57
1321.09239	59
1321.9075	67
1322.72264	72
1323.5378	66
1324.35298	51
1325.16819	72
1325.98342	61
1326.79867	63
1327.61395	54
1328.42925	51
1329.24457	54
1330.05992	62
1330.87529	52
1331.69068	57
1332.5061	53
1333.32154	53
1334.13701	53
1334.9525	49
1335.76801	51
1336.58355	62
1337.39911	57
1338.21469	53
1339.0303	54
1339.84593	70
1340.66158	53
1341.47726	51
1342.29296	51
1343.10868	55
1343.92443	51
1344.7402	59
1345.556	46
1346.37182	53
1347.18766	57
1348.00352	59
1348.81941	50
1349.63533	54
1350.45126	55
1351.26722	46
1352.08321	56
1352.89921	42
1353.71524	72
1354.5313	64
1355.34738	50
1356.16348	48
1356.9796	58
1357.79575	51
1358.61192	67
1359.42812	48
1360.24434	47
1361.06058	42
1361.87685	50
1362.69314	55
1363.50945	41
1364.32579	37
1365.14215	53
1365.95853	53
1366.77494	40
1367.59137	66
1368.40783	35
1369.2243	53
1370.04081	57
1370.85733	44
1371.67388	66
1372.49045	58
1373.30705	84
1374.12367	78
1374.94031	93
1375.75698	71
1376.57367	64
1377.39038	66
1378.20712	64
1379.02388	47
1379.84066	61
1380.65747	61
1381.4743	51
1382.29116	55
1383.10804	47
1383.92494	55
1384.74187	47
1385.55882	49
1386.37579	36
1387.19279	63
1388.00981	36
1388.82685	49
1389.64392	46
1390.46101	54
1391.27812	59
1392.09526	63
1392.91242	54
1393.72961	42
1394.54681	51
1395.36405	43
1396.1813	36
1396.99858	65
1397.81588	49
1398.63321	51
1399.45056	53
1400.26793	51
1401.08533	46
1401.90275	56
1402.7202	56
1403.53766	61
1404.35516	67
1405.17267	68
1405.99021	61
1406.80777	50
1407.62536	55
1408.44297	68
1409.2606	48
1410.07825	41
1410.89593	40
1411.71364	52
1412.53136	44
1413.34911	54
1414.16689	39
1414.98469	37
1415.80251	56
1416.62035	52
1417.43822	40
1418.25611	41
1419.07403	49
1419.89197	44
1420.70993	37
1421.52791	34
1422.34592	43
1423.16396	57
1423.98201	51
1424.80009	51
1425.6182	34
1426.43632	44
1427.25448	41
1428.07265	45
1428.89085	31
1429.70907	41
1430.52731	43
1431.34558	45
1432.16388	52
1432.98219	36
1433.80053	47
1434.61889	46
1435.43728	37
1436.25569	55
1437.07412	42
1437.89258	46
1438.71106	38
1439.52957	35
1440.34809	39
1441.16665	40
1441.98522	50
1442.80382	44
1443.62244	50
1444.44109	43
1445.25976	45
1446.07845	56
1446.89716	41
1447.7159	46
1448.53467	53
1449.35345	44
1450.17227	56
1450.9911	53
1451.80996	78
1452.62884	155
1453.44774	340
1454.26667	687
1455.08562	1269
1455.9046	1795
1456.7236	2179
1457.54262	2026
1458.36167	1550
1459.18074	1031
1459.99983	538
1460.81895	214
1461.63809	83
1462.45725	44
1463.27644	28
1464.09565	31
1464.91488	25
1465.73414	29
1466.55342	30
1467.37273	30
1468.19206	35
1469.01141	32
1469.83078	27
1470.65018	23
1471.46961	26
1472.28905	30
1473.10852	31
1473.92802	33
1474.74753	19
1475.56708	29
1476.38664	26
1477.20623	31
1478.02584	30
1478.84547	28
1479.66513	35
1480.48482	16
1481.30452	30
1482.12425	28
1482.944	28
1483.76378	25
1484.58358	23
1485.4034	30
1486.22325	28
1487.04312	27
1487.86301	22
1488.68293	21
1489.50287	29
1490.32284	42
1491.14283	45
1491.96284	61
1492.78287	32
1493.60293	37
1494.42302	36
1495.24312	31
1496.06325	36
1496.88341	29
1497.70358	34
1498.52378	37
1499.34401	35
1500.16425	26
1500.98453	34
1501.80482	27
1502.62514	35
1503.44548	43
1504.26585	37
1505.08623	48
1505.90665	56
1506.72708	52
1507.54754	36
1508.36803	53
1509.18853	38
1510.00906	35
1510.82962	29
1511.65019	28
1512.47079	24
1513.29142	31
1514.11207	38
1514.93274	21
1515.75343	28
1516.57415	24
1517.39489	25
1518.21566	17
1519.03645	35
1519.85726	22
1520.6781	24
1521.49896	22
1522.31984	31
1523.14075	23
1523.96168	29
1524.78263	27
1525.60361	27
1526.42461	16
1527.24564	25
1528.06669	26
1528.88776	19
1529.70886	36
1530.52997	26
1531.35112	25
1532.17228	33
1532.99347	14
1533.81469	31
1534.63592	18
1535.45718	24
1536.27847	24
1537.09978	30
1537.92111	24
1538.74246	22
1539.56384	24
1540.38524	28
1541.20667	25
1542.02812	32
1542.84959	25
1543.67108	25
1544.4926	28
1545.31415	21
1546.13571	17
1546.9573	28
1547.77892	15
1548.60056	18
1549.42222	25
1550.2439	28
1551.06561	24
1551.88734	23
1552.7091	24
1553.53088	24
1554.35268	19
1555.1745	27
1555.99635	27
1556.81823	19
1557.64012	21
1558.46204	18
1559.28399	27
1560.10595	20
1560.92794	21
1561.74996	22
1562.572	30
1563.39406	35
1564.21614	31
1565.03825	18
1565.86038	30
1566.68254	15
1567.50472	14
1568.32692	20
1569.14915	22
1569.9714	13
1570.79367	26
1571.61597	32
1572.43829	18
1573.26063	29
1574.083	31
1574.90539	34
1575.72781	35
1576.55025	33
1577.37271	42
1578.19519	33
1579.0177	34
1579.84024	34
1580.66279	55
1581.48537	49
1582.30797	82
1583.1306	86
1583.95325	100
1584.77593	112
1585.59862	80
1586.42134	88
1587.24409	75
1588.06686	87
1588.88965	73
1589.71246	57
1590.5353	51
1591.35817	28
1592.18105	23
1593.00396	20
1593.82689	25
1594.64985	37
1595.47283	26
1596.29584	18
1597.11886	18
1597.94191	18
1598.76499	25
1599.58809	17
1600.41121	16
1601.23435	20
1602.05752	22
1602.88071	19
1603.70393	19
1604.52717	28
1605.35043	21
1606.17372	15
1606.99703	23
1607.82036	25
1608.64372	15
1609.4671	23
1610.2905	26
1611.11393	30
1611.93738	20
1612.76086	30
1613.58436	21
1614.40788	48
1615.23143	49
1616.05499	57
1616.87859	44
1617.7022	51
1618.52584	33
1619.34951	35
1620.17319	26
1620.9969	29
1621.82064	34
1622.6444	35
1623.46818	34
1624.29198	45
1625.11581	49
1625.93966	48
1626.76354	39
1627.58744	36
1628.41136	37
1629.23531	29
1630.05927	21
1630.88327	24
1631.70728	23
1632.53133	35
1633.35539	31
1634.17948	26
1635.00359	31
1635.82772	20
1636.65188	20
1637.47606	25
1638.30027	18
1639.1245	21
1639.94875	22
1640.77302	23
1641.59732	20
1642.42165	30
1643.24599	23
1644.07036	20
1644.89476	22
1645.71917	13
1646.54362	19
1647.36808	23
1648.19257	13
1649.01708	27
1649.84161	20
1650.66617	14
1651.49076	24
1652.31536	25
1653.13999	26
1653.96464	21
1654.78932	34
1655.61402	22
1656.43874	29
1657.26349	26
1658.08826	26
1658.91305	19
1659.73787	19
1660.56271	27
1661.38758	19
1662.21247	22
1663.03738	17
1663.86231	27
1664.68727	17
1665.51226	22
1666.33726	13
1667.16229	16
1667.98735	16
1668.81242	20
1669.63752	28
1670.46265	16
1671.28779	28
1672.11297	16
1672.93816	15
1673.76338	19
1674.58862	23
1675.41389	18
1676.23917	28
1677.06449	19
1677.88982	22
1678.71518	21
1679.54057	21
1680.36597	30
1681.1914	24
1682.01686	22
1682.84233	22
1683.66783	19
1684.49336	17
1685.31891	13
1686.14448	19
1686.97007	16
1687.79569	17
1688.62134	17
1689.447	21
1690.27269	21
1691.0984	17
1691.92414	19
1692.7499	14
1693.57568	18
1694.40149	19
1695.22732	19
1696.05318	24
1696.87905	11
1697.70495	22
1698.53088	17
1699.35683	15
1700.1828	17
1701.0088	13
1701.83482	17
1702.66086	18
1703.48692	25
1704.31301	21
1705.13913	21
1705.96526	15
1706.79143	18
1707.61761	15
1708.44382	22
1709.27005	16
1710.0963	15
1710.92258	22
1711.74888	19
1712.57521	12
1713.40156	21
1714.22793	21
1715.05433	22
1715.88075	18
1716.70719	18
1717.53366	21
1718.36015	17
1719.18666	22
1720.0132	28
1720.83976	22
1721.66634	26
1722.49295	45
1723.31958	47
1724.14624	44
1724.97292	43
1725.79962	37
1726.62635	31
1727.4531	32
1728.27987	25
1729.10666	19
1729.93349	13
1730.76033	18
1731.5872	21
1732.41409	20
1733.241	12
1734.06794	14
1734.8949	23
1735.72189	17
1736.54889	21
1737.37593	19
1738.20298	20
1739.03006	22
1739.85716	22
1740.68429	14
1741.51144	17
1742.33861	16
1743.16581	13
1743.99303	16
1744.82028	24
1745.64754	20
1746.47484	26
1747.30215	18
1748.12949	16
1748.95685	12
1749.78424	21
1750.61165	12
1751.43908	13
1752.26653	19
1753.09401	20
1753.92152	15
1754.74904	39
1755.57659	34
1756.40417	66
1757.23177	118
1758.05939	102
1758.88703	138
1759.7147	122
1760.54239	108
1761.37011	77
1762.19785	49
1763.02561	39
1763.8534	30
1764.6812	22
1765.50904	22
1766.33689	17
1767.16477	16
1767.99268	5
1768.82061	13
1769.64856	18
1770.47653	12
1771.30453	23
1772.13255	16
1772.9606	13
1773.78867	28
1774.61676	13
1775.44487	18
1776.27301	15
1777.10118	19
1777.92936	16
1778.75757	20
1779.58581	23
1780.41406	16
1781.24234	19
1782.07065	12
1782.89898	18
1783.72733	18
1784.5557	18
1785.3841	13
1786.21252	16
1787.04097	15
1787.86944	18
1788.69793	27
1789.52645	8
1790.35499	18
1791.18355	15
1792.01214	20
1792.84075	17
1793.66938	14
1794.49804	24
1795.32672	18
1796.15543	19
1796.98415	18
1797.81291	11
1798.64168	17
1799.47048	19
1800.2993	15
1801.12815	19
1801.95702	25
1802.78591	32
1803.61483	19
1804.44377	15
1805.27273	18
1806.10172	19
1806.93073	22
1807.75977	21
1808.58882	18
1809.41791	13
1810.24701	22
1811.07614	30
1811.90529	11
1812.73447	22
1813.56367	32
1814.39289	18
1815.22214	22
1816.05141	20
1816.8807	19
1817.71002	25
1818.53936	15
1819.36872	13
1820.19811	22
1821.02752	26
1821.85696	22
1822.68642	17
1823.5159	18
1824.34541	22
1825.17493	17
1826.00449	23
1826.83406	16
1827.66366	20
1828.49329	27
1829.32293	21
1830.15261	18
1830.9823	16
1831.81202	17
1832.64176	19
1833.47152	21
1834.30131	19
1835.13112	20
1835.96096	22
1836.79082	20
1837.6207	24
1838.45061	21
1839.28054	24
1840.11049	30
1840.94047	32
1841.77047	28
1842.60049	33
1843.43054	31
1844.26061	30
1845.09071	27
1845.92082	15
1846.75097	26
1847.58113	26
1848.41132	20
1849.24153	21
1850.07177	20
1850.90203	14
1851.73231	23
1852.56262	25
1853.39295	19
1854.2233	20
1855.05368	20
1855.88408	24
1856.7145	15
1857.54495	25
1858.37542	19
1859.20592	17
1860.03644	15
1860.86698	13
1861.69755	12
1862.52814	25
1863.35875	11
1864.18939	21
1865.02005	22
1865.85073	15
1866.68144	17
1867.51217	16
1868.34292	24
1869.1737	21
1870.0045	23
1870.83533	11
1871.66617	14
1872.49705	19
1873.32794	22
1874.15886	19
1874.9898	19
1875.82077	16
1876.65176	13
1877.48277	15
1878.31381	22
1879.14487	17
1879.97596	19
1880.80706	25
1881.63819	22
1882.46935	18
1883.30053	21
1884.13173	20
1884.96295	25
1885.7942	23
1886.62548	22
1887.45677	14
1888.28809	23
1889.11944	26
1889.9508	20
1890.78219	12
1891.61361	20
1892.44504	15
1893.27651	15
1894.10799	16
1894.9395	17
1895.77103	16
1896.60259	16
1897.43416	18
1898.26577	23
1899.09739	18
1899.92904	15
1900.76071	24
1901.59241	12
1902.42413	15
1903.25588	18
1904.08764	19
1904.91943	26
1905.75125	14
1906.58309	20
1907.41495	21
1908.24683	17
1909.07874	17
1909.91067	19
1910.74263	20
1911.57461	26
1912.40661	21
1913.23864	20
1914.07069	13
1914.90276	18
1915.73486	22
1916.56698	10
1917.39912	25
1918.23129	22
1919.06348	13
1919.8957	14
1920.72794	14
1921.5602	24
1922.39248	15
1923.22479	20
1924.05713	13
1924.88948	9
1925.72186	21
1926.55426	18
1927.38669	17
1928.21914	19
1929.05162	22
1929.88411	20
1930.71663	21
1931.54918	17
1932.38175	15
1933.21434	20
1934.04696	21
1934.87959	24
1935.71226	21
1936.54494	18
1937.37765	21
1938.21039	23
1939.04314	18
1939.87592	15
1940.70873	24
1941.54155	15
1942.3744	16
1943.20728	30
1944.04018	11
1944.8731	15
1945.70604	21
1946.53901	16
1947.37201	17
1948.20502	24
1949.03806	17
1949.87112	13
1950.70421	18
1951.53732	11
1952.37045	19
1953.20361	18
1954.03679	17
1954.87	14
1955.70322	14
1956.53648	15
1957.36975	31
1958.20305	17
1959.03637	20
1959.86972	20
1960.70309	13
1961.53648	12
1962.36989	14
1963.20333	17
1964.0368	22
1964.87029	21
1965.7038	12
1966.53733	12
1967.37089	19
1968.20447	16
1969.03807	26
1969.8717	26
1970.70535	18
1971.53903	16
1972.37273	18
1973.20645	16
1974.0402	16
1974.87397	17
1975.70776	26
1976.54158	10
1977.37542	20
1978.20928	13
1979.04317	20
1979.87708	12
1980.71101	21
1981.54497	20
1982.37895	25
1983.21296	19
1984.04699	18
1984.88104	20
1985.71512	24
1986.54922	15
1987.38334	20
1988.21749	26
1989.05166	17
1989.88585	12
1990.72007	22
1991.55431	20
1992.38857	13
1993.22286	18
1994.05717	20
1994.89151	18
1995.72587	18
1996.56025	18
1997.39465	18
1998.22908	19
1999.06354	15
1999.89801	13
2000.73251	8
2001.56704	26
2002.40158	23
2003.23615	21
2004.07075	14
2004.90537	10
2005.74001	11
2006.57467	19
2007.40936	23
2008.24407	15
2009.07881	21
2009.91357	12
2010.74835	18
2011.58316	22
2012.41799	28
2013.25284	13
2014.08772	17
2014.92262	17
2015.75754	10
2016.59249	19
2017.42746	20
2018.26246	23
2019.09747	19
2019.93252	12
2020.76758	13
2021.60267	15
2022.43778	12
2023.27292	25
2024.10808	18
2024.94326	18
2025.77847	18
2026.6137	14
2027.44895	17
2028.28423	14
2029.11953	18
2029.95485	11
2030.7902	14
2031.62557	11
2032.46097	19
2033.29639	12
2034.13183	12
2034.9673	14
2035.80279	16
2036.6383	14
2037.47384	11
2038.3094	11
2039.14498	20
2039.98059	13
2040.81622	8
2041.65187	17
2042.48755	19
2043.32325	13
2044.15898	19
2044.99472	18
2045.8305	17
2046.66629	22
2047.50211	10
2048.33795	16
2049.17382	11
2050.00971	13
2050.84562	12
2051.68156	15
2052.51752	16
2053.35351	16
2054.18951	12
2055.02554	28
2055.8616	13
2056.69768	18
2057.53378	17
2058.36991	12
2059.20605	25
2060.04223	17
2060.87842	13
2061.71464	18
2062.55089	14
2063.38715	10
2064.22344	20
2065.05976	15
2065.8961	11
2066.73246	18
2067.56884	13
2068.40525	18
2069.24168	14
2070.07814	17
2070.91461	12
2071.75112	21
2072.58764	12
2073.42419	16
2074.26077	18
2075.09736	22
2075.93398	10
2076.77063	24
2077.60729	20
2078.44398	16
2079.2807	30
2080.11744	15
2080.9542	15
2081.79098	15
2082.62779	19
2083.46462	25
2084.30148	18
2085.13836	15
2085.97526	22
2086.81219	17
2087.64914	23
2088.48611	13
2089.32311	26
2090.16013	22
2090.99717	18
2091.83424	25
2092.67133	29
2093.50845	49
2094.34559	41
2095.18275	69
2096.01994	83
2096.85714	91
2097.69438	70
2098.53163	71
2099.36891	53
2100.20622	46
2101.04354	49
2101.88089	25
2102.71827	16
2103.55567	21
2104.39309	17
2105.23053	22
2106.068	17
2106.90549	23
2107.74301	13
2108.58055	29
2109.41811	23
2110.25569	29
2111.0933	35
2111.93094	24
2112.76859	22
2113.60627	20
2114.44398	21
2115.28171	21
2116.11946	24
2116.95723	20
2117.79503	16
2118.63285	10
2119.4707	22
2120.30857	24
2121.14646	24
2121.98437	11
2122.82231	11
2123.66028	22
2124.49826	18
2125.33627	13
2126.17431	16
2127.01236	16
2127.85044	9
2128.68855	15
2129.52668	17
2130.36483	22
2131.203	13
2132.0412	16
2132.87942	21
2133.71767	20
2134.55594	19
2135.39423	20
2136.23255	13
2137.07089	16
2137.90925	20
2138.74764	13
2139.58605	13
2140.42448	19
2141.26294	19
2142.10142	22
2142.93993	18
2143.77846	11
2144.61701	15
2145.45558	23
2146.29418	23
2147.1328	15
2147.97145	22
2148.81012	29
2149.64881	12
2150.48753	13
2151.32627	16
2152.16503	23
2153.00382	22
2153.84263	16
2154.68147	22
2155.52033	25
2156.35921	25
2157.19811	14
2158.03704	17
2158.87599	25
2159.71497	15
2160.55397	9
2161.39299	17
2162.23204	23
2163.07111	27
2163.9102	18
2164.74932	18
2165.58846	12
2166.42763	17
2167.26681	18
2168.10603	14
2168.94526	14
2169.78452	9
2170.6238	9
2171.46311	17
2172.30244	21
2173.14179	17
2173.98117	22
2174.82057	16
2175.65999	23
2176.49944	27
2177.33891	17
2178.1784	21
2179.01792	17
2179.85746	22
2180.69703	14
2181.53662	9
2182.37623	18
2183.21586	16
2184.05552	15
2184.8952	19
2185.73491	15
2186.57464	10
2187.41439	23
2188.25417	17
2189.09397	19
2189.9338	14
2190.77364	21
2191.61351	24
2192.45341	27
2193.29333	23
2194.13327	33
2194.97323	35
2195.81322	35
2196.65324	43
2197.49327	43
2198.33333	51
2199.17342	39
2200.01352	31
2200.85365	30
2201.69381	9
2202.53398	22
2203.37418	22
2204.21441	16
2205.05466	14
2205.89493	13
2206.73522	15
2207.57554	21
2208.41589	16
2209.25625	14
2210.09664	20
2210.93705	16
2211.77749	21
2212.61795	18
2213.45843	18
2214.29894	18
2215.13947	20
2215.98003	18
2216.8206	22
2217.66121	14
2218.50183	21
2219.34248	27
2220.18315	21
2221.02385	29
2221.86457	14
2222.70531	15
2223.54608	16
2224.38687	16
2225.22768	14
2226.06852	9
2226.90938	17
2227.75026	16
2228.59117	22
2229.4321	20
2230.27306	19
2231.11403	18
2231.95504	25
2232.79606	12
2233.63711	17
2234.47818	22
2235.31928	25
2236.1604	20
2237.00154	24
2237.84271	17
2238.6839	19
2239.52511	20
2240.36635	16
2241.20761	17
2242.0489	25
2242.8902	21
2243.73154	13
2244.57289	18
2245.41427	17
2246.25567	16
2247.0971	20
2247.93855	25
2248.78002	20
2249.62152	19
2250.46304	18
2251.30458	13
2252.14615	30
2252.98774	21
2253.82936	17
2254.67099	24
2255.51265	19
2256.35434	18
2257.19605	25
2258.03778	21
2258.87954	19
2259.72132	23
2260.56312	21
2261.40495	24
2262.2468	20
2263.08867	17
2263.93057	25
2264.77249	14
2265.61443	23
2266.4564	22
2267.29839	21
2268.14041	20
2268.98244	19
2269.82451	23
2270.66659	22
2271.5087	19
2272.35083	25
2273.19299	16
2274.03517	26
2274.87737	23
2275.7196	24
2276.56185	15
2277.40412	20
2278.24642	21
2279.08874	22
2279.93109	23
2280.77346	17
2281.61585	22
2282.45826	22
2283.3007	15
2284.14317	25
2284.98565	26
2285.82816	17
2286.67069	19
2287.51325	31
2288.35583	14
2289.19844	25
2290.04106	24
2290.88371	24
2291.72639	11
2292.56909	28
2293.41181	13
2294.25455	19
2295.09732	17
2295.94011	20
2296.78293	24
2297.62577	9
2298.46863	22
2299.31152	23
2300.15443	24
2300.99736	20
2301.84032	27
2302.6833	10
2303.52631	26
2304.36933	20
2305.21239	22
2306.05546	32
2306.89856	14
2307.74168	24
2308.58483	21
2309.428	19
2310.27119	25
2311.11441	10
2311.95765	20
2312.80091	25
2313.6442	26
2314.48751	18
2315.33084	26
2316.1742	18
2317.01758	24
2317.86098	16
2318.70441	24
2319.54786	17
2320.39134	21
2321.23484	20
2322.07836	17
2322.92191	18
2323.76548	30
2324.60907	23
2325.45269	28
2326.29633	18
2327.13999	18
2327.98368	30
2328.82739	21
2329.67113	27
2330.51488	21
2331.35867	27
2332.20247	26
2333.0463	20
2333.89015	22
2334.73403	27
2335.57793	22
2336.42185	24
2337.2658	25
2338.10977	24
2338.95376	21
2339.79778	29
2340.64182	26
2341.48588	21
2342.32997	33
2343.17408	20
2344.01822	31
2344.86238	20
2345.70656	25
2346.55077	26
2347.395	25
2348.23925	18
2349.08353	24
2349.92783	27
2350.77215	21
2351.6165	20
2352.46087	32
2353.30526	21
2354.14968	21
2354.99412	17
2355.83859	28
2356.68307	24
2357.52759	25
2358.37212	27
2359.21668	23
2360.06126	28
2360.90587	23
2361.7505	22
2362.59515	31
2363.43983	33
2364.28453	23
2365.12925	19
2365.974	20
2366.81877	20
2367.66357	33
2368.50839	30
2369.35323	32
2370.19809	30
2371.04298	26
2371.8879	18
2372.73283	17
2373.57779	23
2374.42277	22
2375.26778	25
2376.11281	23
2376.95787	23
2377.80294	21
2378.64804	26
2379.49317	20
2380.33832	16
2381.18349	17
2382.02868	16
2382.8739	17
2383.71914	25
2384.56441	12
2385.4097	20
2386.25501	18
2387.10035	20
2387.94571	13
2388.79109	11
2389.6365	10
2390.48193	18
2391.32739	13
2392.17286	16
2393.01837	16
2393.86389	17
2394.70944	18
2395.55501	20
2396.40061	15
2397.24623	14
2398.09187	12
2398.93754	18
2399.78323	12
2400.62894	20
2401.47468	15
2402.32044	13
2403.16622	10
2404.01203	12
2404.85786	19
2405.70372	16
2406.54959	14
2407.3955	14
2408.24142	20
2409.08737	9
2409.93334	22
2410.77934	11
2411.62536	13
2412.4714	13
2413.31747	7
2414.16356	14
2415.00967	12
2415.85581	15
2416.70197	12
2417.54816	9
2418.39437	12
2419.2406	15
2420.08685	9
2420.93313	17
2421.77943	20
2422.62576	15
2423.47211	17
2424.31848	19
2425.16488	12
2426.0113	13
2426.85774	15
2427.70421	15
2428.5507	15
2429.39722	13
2430.24375	13
2431.09032	14
2431.9369	11
2432.78351	9
2433.63014	16
2434.4768	17
2435.32348	14
2436.17018	16
2437.01691	13
2437.86366	16
2438.71043	14
2439.55723	18
2440.40405	23
2441.25089	24
2442.09776	20
2442.94465	15
2443.79157	14
2444.6385	10
2445.48547	10
2446.33245	9
2447.17946	13
2448.02649	15
2448.87355	11
2449.72063	11
2450.56773	6
2451.41486	8
2452.26201	8
2453.10919	16
2453.95638	9
2454.8036	7
2455.65085	7
2456.49812	10
2457.34541	9
2458.19273	11
2459.04006	14
2459.88743	11
2460.73481	7
2461.58222	17
2462.42966	14
2463.27711	8
2464.12459	9
2464.9721	13
2465.81962	12
2466.66718	8
2467.51475	12
2468.36235	10
2469.20997	11
2470.05762	13
2470.90528	15
2471.75298	10
2472.60069	7
2473.44843	7
2474.29619	8
2475.14398	7
2475.99179	6
2476.83963	11
2477.68748	5
2478.53536	11
2479.38327	8
2480.2312	7
2481.07915	5
2481.92712	6
2482.77512	8
2483.62314	4
2484.47119	3
2485.31926	9
2486.16735	14
2487.01547	10
2487.86361	9
2488.71177	7
2489.55996	5
2490.40817	10
2491.2564	5
2492.10466	5
2492.95294	4
2493.80125	5
2494.64958	3
2495.49793	5
2496.3463	8
2497.1947	6
2498.04312	10
2498.89157	5
2499.74004	4
2500.58853	8
2501.43705	4
2502.28559	7
2503.13416	4
2503.98274	8
2504.83135	8
2505.67999	5
2506.52865	2
2507.37733	9
2508.22603	7
2509.07476	5
2509.92352	5
2510.77229	6
2511.62109	3
2512.46991	2
2513.31876	4
2514.16763	9
2515.01653	3
2515.86544	3
2516.71438	9
2517.56335	5
2518.41234	5
2519.26135	3
2520.11038	4
2520.95944	3
2521.80852	4
2522.65763	2
2523.50676	4
2524.35591	11
2525.20509	7
2526.05429	1
2526.90351	5
2527.75276	6
2528.60203	3
2529.45132	8
2530.30064	4
2531.14998	6
2531.99935	7
2532.84874	2
2533.69815	8
2534.54758	6
2535.39704	4
2536.24653	6
2537.09603	4
2537.94556	4
2538.79512	4
2539.64469	2
2540.49429	3
2541.34392	5
2542.19357	8
2543.04324	3
2543.89293	1
2544.74265	11
2545.59239	6
2546.44216	7
2547.29195	3
2548.14176	3
2548.9916	6
2549.84146	4
2550.69134	2
2551.54125	0
2552.39118	4
2553.24113	5
2554.09111	5
2554.94111	4
2555.79113	4
2556.64118	6
2557.49125	4
2558.34135	2
2559.19147	3
2560.04161	5
2560.89177	5
2561.74196	6
2562.59218	0
2563.44241	5
2564.29267	4
2565.14296	5
2565.99327	7
2566.8436	4
2567.69395	4
2568.54433	2
2569.39473	3
2570.24516	3
2571.0956	2
2571.94608	4
2572.79657	4
2573.64709	4
2574.49763	4
2575.3482	5
2576.19879	5
2577.0494	2
2577.90004	3
2578.7507	6
2579.60139	7
2580.45209	9
2581.30282	6
2582.15358	11
2583.00436	4
2583.85516	2
2584.70599	3
2585.55683	5
2586.40771	6
2587.2586	1
2588.10952	4
2588.96047	4
2589.81143	4
2590.66242	2
2591.51344	5
2592.36448	4
2593.21554	4
2594.06662	5
2594.91773	3
2595.76886	7
2596.62002	0
2597.4712	10
2598.3224	9
2599.17362	10
2600.02487	15
2600.87615	21
2601.72744	45
2602.57876	77
2603.43011	120
2604.28148	158
2605.13287	268
2605.98428	388
2606.83572	398
2607.68718	460
2608.53867	434
2609.39017	349
2610.24171	308
2611.09326	193
2611.94484	115
2612.79645	78
2613.64807	42
2614.49972	12
2615.3514	5
2616.20309	4
2617.05481	1
2617.90656	1
2618.75833	1
2619.61012	0
2620.46193	0
2621.31377	0
2622.16563	1
2623.01752	0
2623.86943	0
2624.72136	0
2625.57332	0
2626.4253	0
2627.2773	0
2628.12933	1
2628.98138	0
2629.83345	1
2630.68555	0
2631.53767	1
2632.38982	0
2633.24198	0
2634.09418	1
2634.94639	0
2635.79863	0
2636.65089	0
2637.50318	0
2638.35549	0
2639.20782	1
2640.06018	0
2640.91256	0
2641.76496	0
2642.61739	2
2643.46984	0
2644.32232	0
2645.17481	0
2646.02734	0
2646.87988	0
2647.73245	0
2648.58504	0
2649.43766	0
2650.2903	0
2651.14296	1
2651.99565	1
2652.84836	0
2653.70109	0
2654.55385	2
2655.40663	1
2656.25943	0
2657.11226	0
2657.96511	0
2658.81799	1
2659.67089	0
2660.52381	1
2661.37676	0
2662.22972	1
2663.08272	0
2663.93573	0
2664.78877	0
2665.64184	0
2666.49492	0
2667.34804	0
2668.20117	0
2669.05433	0
2669.90751	0
2670.76071	0
2671.61394	0
2672.46719	1
2673.32047	0
2674.17377	0
2675.02709	1
2675.88044	0
2676.73381	0
2677.5872	0
2678.44062	0
2679.29406	0
2680.14752	1
2681.00101	0
2681.85452	0
2682.70806	0
2683.56161	0
2684.4152	1
2685.2688	0
2686.12243	0
2686.97608	0
2687.82976	0
2688.68346	0
2689.53718	0
2690.39093	0
2691.2447	1
2692.09849	1
2692.95231	1
2693.80615	3
2694.66002	0
2695.5139	1
2696.36782	0
2697.22175	1
2698.07571	0
2698.92969	0
2699.7837	0
2700.63773	0
2701.49178	2
2702.34586	1
2703.19996	1
2704.05408	1
2704.90823	0
2705.7624	1
2706.61659	0
2707.47081	0
2708.32505	0
2709.17932	0
2710.03361	0
2710.88792	1
2711.74225	0
2712.59661	0
2713.451	0
2714.3054	0
2715.15983	2
2716.01428	0
2716.86876	0
2717.72326	0
2718.57779	0
2719.43233	2
2720.28691	1
2721.1415	0
2721.99612	0
2722.85076	0
2723.70543	0
2724.56012	0
2725.41483	0
2726.26956	0
2727.12432	0
2727.97911	0
2728.83391	0
2729.68874	0
2730.5436	0
2731.39848	0
2732.25338	1
2733.1083	0
2733.96325	0
2734.81822	1
2735.67322	1
2736.52824	0
2737.38328	0
2738.23834	1
2739.09343	1
2739.94855	0
2740.80368	0
2741.65884	1
2742.51403	0
2743.36923	1
2744.22447	0
2745.07972	0
2745.935	1
2746.7903	0
2747.64562	0
2748.50097	0
2749.35634	0
2750.21174	0
2751.06716	0
2751.9226	0
2752.77807	0
2753.63356	0
2754.48907	1
2755.34461	0
2756.20017	0
2757.05576	1
2757.91136	0
2758.76699	1
2759.62265	1
2760.47833	1
2761.33403	1
2762.18976	0
2763.0455	1
2763.90128	0
2764.75707	0
2765.61289	1
2766.46874	0
2767.3246	0
2768.18049	0
2769.03641	0
2769.89235	0
2770.74831	0
2771.60429	0
2772.4603	0
2773.31633	0
2774.17239	0
2775.02847	0
2775.88457	0
2776.74069	0
2777.59684	1
2778.45302	0
2779.30921	0
2780.16543	1
2781.02168	1
2781.87795	0
2782.73424	0
2783.59055	0
2784.44689	0
2785.30325	0
2786.15964	0
2787.01604	0
2787.87248	0
2788.72893	0
2789.58541	0
2790.44192	1
2791.29844	0
2792.15499	0
2793.01157	1
2793.86816	0
2794.72478	0
2795.58143	0
2796.4381	0
2797.29479	0
2798.1515	0
2799.00824	0
2799.865	1
2800.72179	0
2801.5786	0
2802.43543	0
2803.29229	0
2804.14917	0
2805.00607	0
2805.863	0
2806.71995	0
2807.57692	0
2808.43392	0
2809.29094	0
2810.14799	0
2811.00505	0
2811.86215	0
2812.71926	0
2813.5764	0
2814.43356	0
2815.29075	0
2816.14796	0
2817.00519	1
2817.86245	0
2818.71973	0
2819.57703	0
2820.43436	1
2821.29171	0
2822.14909	0
2823.00649	1
2823.86391	0
2824.72135	0
2825.57882	0
2826.43631	0
2827.29383	0
2828.15137	0
2829.00893	0
2829.86652	0
2830.72413	0
2831.58176	0
2832.43942	0
2833.2971	0
2834.15481	0
2835.01253	0
2835.87029	0
2836.72806	0
2837.58586	0
2838.44368	0
2839.30153	1
2840.1594	0
2841.01729	0
2841.87521	0
2842.73315	0
2843.59111	0
2844.4491	0
2845.30711	1
2846.16514	0
2847.0232	0
2847.88128	0
2848.73939	0
2849.59751	0
2850.45567	0
2851.31384	0
2852.17204	1
2853.03026	0
2853.88851	0
2854.74678	0
2855.60507	0
2856.46339	0
2857.32173	0
2858.18009	1
2859.03848	0
2859.89689	0
2860.75533	1
2861.61379	1
2862.47227	0
2863.33077	0
2864.1893	0
2865.04786	0
2865.90643	0
2866.76503	0
2867.62365	0
2868.4823	0
2869.34097	0
2870.19966	0
2871.05838	0
2871.91712	0
2872.77589	0
2873.63468	0
2874.49349	0
2875.35232	0
2876.21118	0
2877.07006	0
2877.92897	0
2878.7879	1
2879.64685	0
2880.50583	0
2881.36483	0
2882.22385	0
2883.0829	0
2883.94197	0
2884.80106	0
2885.66018	0
2886.51932	0
2887.37849	0
2888.23768	0
2889.09689	1
2889.95613	1
2890.81539	0
2891.67467	0
2892.53397	0
2893.3933	0
2894.25266	0
2895.11203	1
2895.97144	0
2896.83086	0
2897.69031	0
2898.54978	1
2899.40927	0
2900.26879	0
2901.12833	1
2901.9879	0
2902.84749	0
2903.7071	0
2904.56674	0
2905.4264	0
2906.28608	0
2907.14579	0
2908.00552	0
2908.86527	0
2909.72505	1
2910.58485	1
2911.44467	0
2912.30452	0
2913.16439	0
2914.02429	0
2914.88421	0
2915.74415	0
2916.60412	1
2917.46411	0
2918.32412	0
2919.18416	0
2920.04422	0
2920.9043	0
2921.76441	0
2922.62454	1
2923.48469	0
2924.34487	0
2925.20507	0
2926.0653	1
2926.92555	0
2927.78582	0
2928.64611	0
2929.50643	0
2930.36678	0
2931.22714	0
2932.08753	0
2932.94795	0
2933.80838	1
2934.66884	0
2935.52933	0
2936.38984	0
2937.25037	0
2938.11092	0
2938.9715	1
2939.8321	0
2940.69273	0
2941.55338	0
2942.41405	0
2943.27475	0
2944.13547	0
2944.99621	0
2945.85698	0
2946.71777	0
2947.57858	0
2948.43942	0
2949.30028	1
2950.16117	1
2951.02207	0
2951.88301	0
2952.74396	0
2953.60494	0
2954.46594	0
2955.32697	0
2956.18802	0
2957.04909	0
2957.91019	0
2958.77131	1
2959.63245	0
2960.49362	0
2961.35481	0
2962.21603	0
2963.07726	0
2963.93853	0
2964.79981	0
2965.66112	0
2966.52245	1
2967.38381	0
2968.24519	0
2969.10659	0
2969.96802	0
2970.82947	0
2971.69094	0
2972.55244	0
2973.41396	0
2974.2755	0
2975.13707	0
2975.99866	0
2976.86028	0
2977.72192	0
2978.58358	0
2979.44526	1
2980.30697	0
2981.16871	0
2982.03046	0
2982.89224	0
2983.75405	1
2984.61587	0
2985.47772	0
2986.3396	0
2987.2015	0
2988.06342	0
2988.92536	1
2989.78733	0
2990.64932	0
2991.51134	1
2992.37338	0
2993.23544	0
2994.09753	0
2994.95963	0
2995.82177	0
2996.68393	1
2997.54611	0
2998.40831	0
2999.27054	0
3000.13279	0
3000.99506	0
3001.85736	0
3002.71968	1
3003.58203	0
3004.4444	0
3005.30679	0
3006.16921	1
3007.03165	1
3007.89411	0
3008.75659	0
3009.61911	0
3010.48164	0
3011.3442	0
3012.20678	0
3013.06938	0
3013.93201	0
3014.79466	0
3015.65734	0
3016.52004	0
3017.38276	0
3018.2455	0
3019.10827	0
3019.97107	0
3020.83388	1
3021.69672	0
3022.55959	0
3023.42247	0
3024.28538	1
3025.14832	0
3026.01128	0
3026.87426	0
3027.73726	0
3028.60029	0
3029.46334	0
3030.32642	0
3031.18952	0
3032.05264	0
3032.91579	0
3033.77896	0
3034.64215	0
3035.50537	0
3036.36861	0
3037.23187	1
3038.09516	0
3038.95847	0
3039.8218	2
3040.68516	0
3041.54854	0
3042.41195	0
3043.27538	0
3044.13883	0
3045.00231	0
3045.86581	0
3046.72933	0
3047.59288	0
3048.45645	2
3049.32004	0
3050.18366	0
3051.0473	0
3051.91096	0
3052.77465	0
3053.63836	0
3054.5021	0
3055.36586	0
3056.22964	0
3057.09345	0
3057.95728	0
3058.82113	0
3059.68501	0
3060.54891	0
3061.41283	0
3062.27678	0
3063.14075	0
3064.00474	0
3064.86876	0
3065.7328	0
3066.59687	0
3067.46096	0
3068.32507	0
3069.1892	0
3070.05336	0
3070.91755	0
3071.78175	0
3072.64598	0
3073.51024	0
3074.37451	0
3075.23881	0
3076.10314	0
3076.96748	0
3077.83186	0
3078.69625	0
3079.56067	0
3080.42511	1
3081.28958	0
3082.15407	0
3083.01858	0
3083.88311	0
3084.74767	0
3085.61226	0
3086.47686	0
3087.3415	0
3088.20615	0
3089.07083	0
3089.93553	0
3090.80025	0
3091.665	0
3092.52977	0
3093.39457	0
3094.25939	0
3095.12423	0
3095.9891	0
3096.85398	0
3097.7189	0
3098.58383	0
3099.44879	0
3100.31378	0
3101.17879	0
3102.04382	0
3102.90887	0
3103.77395	0
3104.63905	0
3105.50418	0
3106.36932	0
3107.2345	0
3108.09969	0
3108.96491	0
3109.83016	0
3110.69542	0
3111.56071	0
3112.42603	0
3113.29136	0
3114.15672	0
3115.02211	0
3115.88752	0
3116.75295	1
3117.6184	0
3118.48388	1
3119.34938	1
3120.21491	0
3121.08046	0
3121.94603	0
3122.81163	0
3123.67725	0
3124.54289	0
3125.40856	0
3126.27425	0
3127.13996	0
3128.0057	1
3128.87146	0
3129.73724	0
3130.60305	0
3131.46888	1
3132.33474	1
3133.20062	0
3134.06652	0
3134.93245	0
3135.7984	1
3136.66437	0
3137.53037	0
3138.39639	0
3139.26243	0
3140.1285	0
3140.99459	0
3141.8607	0
3142.72684	0
3143.593	0
3144.45919	0
3145.3254	0
3146.19163	0
3147.05789	0
3147.92417	0
3148.79047	0
3149.6568	0
3150.52315	0
3151.38952	0
3152.25592	0
3153.12234	0
3153.98878	0
3154.85525	0
3155.72174	0
3156.58826	0
3157.4548	0
3158.32136	0
3159.18794	0
3160.05455	0
3160.92119	0
3161.78784	0
3162.65452	0
3163.52123	0
3164.38795	0
3165.2547	0
3166.12148	0
3166.98828	0
3167.8551	0
3168.72194	0
3169.58881	0
3170.4557	0
3171.32262	0
3172.18956	0
3173.05652	1
3173.92351	0
3174.79052	0
3175.65755	1
3176.52461	0
3177.39169	0
3178.25879	0
3179.12592	0
3179.99307	0
3180.86024	0
3181.72744	0
3182.59466	0
3183.46191	0
3184.32918	0
3185.19647	0
3186.06379	0
3186.93113	1
3187.79849	0
3188.66588	0
3189.53329	0
3190.40072	1
3191.26818	0
3192.13566	1
3193.00316	0
3193.87069	1
3194.73824	0
3195.60582	0
3196.47342	0
3197.34104	0
3198.20868	0
3199.07635	0
3199.94405	0
3200.81176	0
3201.6795	0
3202.54727	1
3203.41505	0
3204.28286	0
3205.1507	0
3206.01856	0
3206.88644	0
3207.75434	0
3208.62227	0
3209.49022	1
3210.3582	0
3211.2262	0
3212.09422	1
3212.96227	0
3213.83034	0
3214.69843	0
3215.56655	0
3216.43469	0
3217.30285	0
3218.17104	0
3219.03925	0
3219.90749	0
3220.77574	0
3221.64403	0
3222.51233	0
3223.38066	0
3224.24901	1
3225.11739	0
3225.98579	1
3226.85421	0
3227.72266	0
3228.59113	0
3229.45962	0
3230.32814	0
3231.19668	0
3232.06525	1
3232.93383	0
3233.80245	0
3234.67108	0
3235.53974	0
3236.40842	0
3237.27713	0
3238.14586	0
3239.01461	0
3239.88339	1
3240.75219	0
3241.62101	0
3242.48986	0
3243.35873	0
3244.22762	2
3245.09654	0
3245.96548	0
3246.83445	0
3247.70344	0
3248.57245	0
3249.44149	1
3250.31054	0
3251.17963	0
3252.04873	0
3252.91786	0
3253.78702	0
3254.65619	0
3255.52539	0
3256.39462	0
3257.26387	0
3258.13314	0
3259.00243	0
3259.87175	0
3260.74109	0
3261.61046	0
3262.47985	0
3263.34926	0
3264.2187	0
3265.08816	1
3265.95764	0
3266.82715	0
3267.69668	0
3268.56623	0
3269.43581	1
3270.30541	0
3271.17504	0
3272.04468	0
3272.91436	0
3273.78405	0
3274.65377	1
3275.52351	0
3276.39328	0
3277.26307	0
3278.13288	0
3279.00272	0
3279.87258	0
3280.74246	0
3281.61237	0
3282.4823	0
3283.35225	0
3284.22223	0
3285.09223	0
3285.96226	0
3286.83231	0
3287.70238	0
3288.57248	1
3289.4426	0
3290.31274	0
3291.1829	0
3292.05309	0
3292.92331	0
3293.79355	0
3294.66381	0
3295.53409	0
3296.4044	0
3297.27473	1
3298.14508	1
3299.01546	0
3299.88587	0
3300.75629	0
3301.62674	0
3302.49721	0
3303.36771	0
3304.23823	0
3305.10877	0
3305.97934	0
3306.84993	0
3307.72054	0
3308.59118	0
3309.46184	0
3310.33253	0
3311.20324	0
3312.07397	0
3312.94472	0
3313.8155	0
3314.68631	0
3315.55713	0
3316.42798	2
3317.29885	0
3318.16975	1
3319.04067	0
3319.91162	0
3320.78258	0
3321.65357	0
3322.52459	0
3323.39563	0
3324.26669	0
3325.13777	0
3326.00888	1
3326.88002	1
3327.75117	0
3328.62235	0
3329.49355	0
3330.36478	0
3331.23603	1
3332.1073	0
3332.9786	0
3333.84992	0
3334.72127	0
3335.59263	0
3336.46403	0
3337.33544	0
3338.20688	0
3339.07834	0
3339.94983	0
3340.82134	0
3341.69287	1
3342.56443	0
3343.43601	0
3344.30761	0
3345.17924	0
3346.05089	0
3346.92256	0
3347.79426	0
3348.66598	0
3349.53773	0
3350.40949	1
3351.28129	0
3352.1531	0
3353.02494	0
3353.8968	0
3354.76869	0
3355.6406	0
3356.51253	0
3357.38449	0
3358.25647	0
3359.12847	0
3360.0005	0
3360.87255	0
3361.74463	1
3362.61673	0
3363.48885	0
3364.36099	0
3365.23316	0
3366.10535	0
3366.97757	0
3367.84981	0
3368.72207	0
3369.59436	0
3370.46667	0
3371.339	0
3372.21136	0
3373.08374	0
3373.95615	0
3374.82858	0
3375.70103	0
3376.5735	0
3377.446	0
3378.31852	0
3379.19107	0
3380.06364	0
3380.93623	0
