5.14045	0
5.9166	0
6.69277	0
7.46897	0
8.24518	0
9.02143	0
9.79769	0
10.57398	0
11.35029	0
12.12663	0
12.90299	0
13.67937	0
14.45578	0
15.23221	0
16.00866	0
16.78514	0
17.56164	0
18.33816	0
19.11471	0
19.89128	0
20.66788	0
21.44449	0
22.22114	0
22.9978	0
23.77449	0
24.5512	0
25.32794	0
26.1047	0
26.88148	0
27.65829	0
28.43512	0
29.21198	0
29.98885	0
30.76575	0
31.54268	0
32.31963	0
33.0966	0
33.87359	0
34.65061	0
35.42766	0
36.20472	0
36.98181	0
37.75893	0
38.53606	0
39.31322	0
40.09041	0
40.86761	0
41.64484	0
42.4221	0
43.19938	0
43.97668	0
44.754	0
45.53135	0
46.30873	0
47.08612	0
47.86354	0
48.64098	0
49.41845	0
50.19594	0
50.97345	0
51.75099	0
52.52855	0
53.30614	0
54.08374	0
54.86138	0
55.63903	0
56.41671	0
57.19441	0
57.97214	0
58.74989	0
59.52766	0
60.30546	0
61.08328	0
61.86112	0
62.63899	0
63.41688	0
64.19479	0
64.97273	21
65.75069	415
66.52867	3082
67.30668	4429
68.08472	4518
68.86277	4640
69.64085	5024
70.41895	5455
71.19708	5858
71.97523	6288
72.7534	6602
73.5316	6312
74.30982	5797
75.08806	5017
75.86633	4683
76.64462	4560
77.42294	4577
78.20127	4535
78.97964	4626
79.75802	4596
80.53643	4682
81.31486	4998
82.09332	5597
82.8718	5589
83.6503	5558
84.42883	5550
85.20738	5080
85.98595	5165
86.76455	4843
87.54317	4834
88.32182	4575
89.10048	4638
89.87917	4502
90.65789	4605
91.43663	4498
92.21539	4509
92.99418	4560
93.77299	4361
94.55182	4501
95.33068	4584
96.10956	4488
96.88846	4577
97.66739	4427
98.44634	4475
99.22531	4463
100.00431	4476
100.78333	4563
101.56238	4456
102.34144	4334
103.12054	4552
103.89965	4569
104.67879	4556
105.45795	4320
106.23714	4615
107.01635	4473
107.79558	4494
108.57484	4474
109.35412	4418
110.13342	4480
110.91275	4391
111.6921	4401
112.47148	4495
113.25088	4566
114.0303	4350
114.80974	4507
115.58921	4440
116.36871	4522
117.14822	4407
117.92776	4465
118.70732	4432
119.48691	4435
120.26652	4541
121.04616	4410
121.82581	4542
122.60549	4522
123.3852	4530
124.16493	4441
124.94468	4587
125.72445	4447
126.50425	4500
127.28407	4511
128.06392	4439
128.84379	4380
129.62368	4292
130.4036	4346
131.18354	4360
131.9635	4342
132.74349	4304
133.5235	4257
134.30354	4325
135.08359	4286
135.86368	4321
136.64378	4328
137.42391	4269
138.20406	4287
138.98424	4336
139.76444	4206
140.54466	4125
141.32491	4223
142.10518	4292
142.88547	4120
143.66579	4167
144.44613	4171
145.22649	4357
146.00688	4123
146.78729	4180
147.56772	4174
148.34818	4178
149.12866	4209
149.90917	4192
150.6897	4077
151.47025	4074
152.25083	4139
153.03143	4113
153.81205	4147
154.5927	4211
155.37337	4133
156.15406	4170
156.93478	4110
157.71552	4106
158.49629	4118
159.27707	4058
160.05789	3964
160.83872	4022
161.61958	4144
162.40046	4042
163.18137	4086
163.9623	4006
164.74325	3966
165.52423	4014
166.30523	4010
167.08625	4010
167.8673	4029
168.64837	4076
169.42946	3985
170.21058	4054
170.99172	4027
171.77289	4020
172.55408	3965
173.33529	3934
174.11653	3900
174.89779	4054
175.67907	4059
176.46038	3969
177.24171	4059
178.02306	4209
178.80444	4143
179.58584	4152
180.36726	3975
181.14871	4126
181.93018	4304
182.71168	4444
183.49319	4414
184.27474	4501
185.0563	4632
185.83789	4570
186.6195	4561
187.40114	4511
188.1828	4618
188.96448	4671
189.74619	4685
190.52792	4654
191.30967	4621
192.09145	4637
192.87325	4579
193.65508	4618
194.43693	4486
195.2188	4532
196.00069	4509
196.78261	4502
197.56456	4562
198.34652	4449
199.12851	4507
199.91052	4512
200.69256	4437
201.47462	4474
202.25671	4528
203.03881	4418
203.82094	4338
204.6031	4473
205.38528	4265
206.16748	4293
206.9497	4381
207.73195	4343
208.51422	4285
209.29652	4279
210.07884	4312
210.86118	4201
211.64355	4179
212.42594	4096
213.20835	4122
213.99079	4151
214.77325	4033
215.55574	4130
216.33824	4068
217.12078	4047
217.90333	3888
218.68591	3904
219.46851	3825
220.25114	3933
221.03379	3838
221.81646	3814
222.59916	3804
223.38188	3890
224.16462	3854
224.94739	3746
225.73018	3716
226.51299	3770
227.29583	3627
228.07869	3711
228.86158	3688
229.64448	3613
230.42742	3665
231.21037	3657
231.99335	3712
232.77635	3547
233.55938	3611
234.34243	3618
235.1255	3815
235.9086	4030
236.69172	4209
237.47486	4075
238.25803	3869
239.04122	3696
239.82444	3558
240.60768	3556
241.39094	3442
242.17422	3367
242.95753	3394
243.74086	3345
244.52422	3431
245.3076	3306
246.091	3274
246.87443	3294
247.65788	3332
248.44135	3423
249.22485	3365
250.00837	3290
250.79192	3292
251.57548	3297
252.35908	3350
253.14269	3273
253.92633	3372
254.70999	3146
255.49368	3211
256.27739	3297
257.06112	3316
257.84488	3179
258.62866	3193
259.41246	3261
260.19629	3308
260.98014	3197
261.76401	3259
262.54791	3239
263.33183	3235
264.11578	3114
264.89974	3301
265.68374	3253
266.46775	3240
267.25179	3328
268.03585	3294
268.81994	3282
269.60405	3152
270.38818	3210
271.17234	3141
271.95652	3313
272.74073	3225
273.52495	3213
274.3092	3234
275.09348	3147
275.87778	3306
276.6621	3114
277.44645	3243
278.23081	3054
279.01521	3241
279.79962	3171
280.58406	3084
281.36853	3141
282.15301	3108
282.93752	3071
283.72206	3026
284.50661	3158
285.2912	3069
286.0758	3064
286.86043	3006
287.64508	3087
288.42976	3233
289.21445	3071
289.99918	3083
290.78392	3091
291.56869	3178
292.35348	3083
293.1383	3291
293.92314	3159
294.70801	3074
295.49289	3097
296.2778	3131
297.06274	3143
297.8477	3143
298.63268	3104
299.41768	3089
300.20271	2991
300.98776	2982
301.77284	3064
302.55794	3092
303.34306	2952
304.12821	2958
304.91338	2996
305.69857	3118
306.48379	2963
307.26903	3047
308.05429	3121
308.83958	2931
309.62489	3040
310.41023	2988
311.19559	2989
311.98097	3043
312.76637	3024
313.5518	3018
314.33725	3119
315.12273	3051
315.90823	3003
316.69375	2979
317.4793	2970
318.26487	2975
319.05047	3021
319.83608	2872
320.62172	2930
321.40739	2934
322.19308	2947
322.97879	2985
323.76452	2945
324.55028	2967
325.33607	2987
326.12187	2920
326.9077	2955
327.69355	2946
328.47943	3064
329.26533	2991
330.05126	2984
330.8372	2913
331.62317	3013
332.40917	2927
333.19519	2922
333.98123	2944
334.76729	3152
335.55338	3115
336.33949	3030
337.12563	3074
337.91179	2840
338.69797	2933
339.48418	2957
340.27041	2852
341.05666	2909
341.84294	2948
342.62924	2832
343.41556	2878
344.20191	2980
344.98828	2947
345.77468	2822
346.5611	2853
347.34754	2860
348.13401	2945
348.92049	3188
349.70701	3151
350.49354	3134
351.2801	3024
352.06669	2922
352.85329	2896
353.63992	2826
354.42658	2956
355.21326	2800
355.99996	2844
356.78668	2906
357.57343	2879
358.3602	2872
359.147	2861
359.93382	2695
360.72066	2909
361.50753	2875
362.29442	2830
363.08133	2771
363.86827	2859
364.65523	2846
365.44221	2859
366.22922	2790
367.01625	2979
367.8033	2948
368.59038	2868
369.37748	2928
370.16461	2911
370.95176	2870
371.73893	2858
372.52612	2830
373.31334	2884
374.10059	2892
374.88785	2848
375.67514	2814
376.46246	2878
377.2498	2926
378.03716	2854
378.82454	2889
379.61195	2912
380.39938	2885
381.18684	2901
381.97431	2899
382.76182	2948
383.54934	2831
384.33689	2840
385.12446	2984
385.91206	3002
386.69968	2859
387.48732	3023
388.27499	2871
389.06268	2928
389.8504	3021
390.63813	2905
391.42589	2962
392.21368	2955
393.00149	2962
393.78932	2917
394.57718	2902
395.36506	2895
396.15296	2974
396.94088	2862
397.72883	2963
398.51681	2880
399.3048	2949
400.09282	2983
400.88087	3124
401.66894	3057
402.45703	3065
403.24514	2874
404.03328	2924
404.82144	2930
405.60963	3050
406.39784	3119
407.18607	3093
407.97432	2917
408.7626	3033
409.55091	2915
410.33923	3041
411.12758	3026
411.91596	3136
412.70436	3068
413.49278	3049
414.28122	3076
415.06969	3097
415.85818	3076
416.6467	2967
417.43523	3107
418.2238	3115
419.01238	3162
419.80099	3065
420.58963	3150
421.37828	3155
422.16696	3177
422.95567	3195
423.74439	3232
424.53314	3088
425.32192	3198
426.11072	3172
426.89954	3232
427.68838	3274
428.47725	3212
429.26614	3210
430.05506	3293
430.844	3293
431.63296	3267
432.42195	3261
433.21096	3334
433.99999	3377
434.78905	3341
435.57813	3358
436.36723	3306
437.15636	3254
437.94551	3342
438.73469	3376
439.52388	3453
440.31311	3412
441.10235	3428
441.89162	3517
442.68091	3527
443.47023	3479
444.25957	3521
445.04893	3542
445.83832	3577
446.62773	3553
447.41716	3553
448.20662	3507
448.9961	3642
449.78561	3626
450.57513	3573
451.36469	3571
452.15426	3658
452.94386	3613
453.73348	3573
454.52313	3650
455.3128	3732
456.10249	3667
456.89221	3616
457.68195	3775
458.47171	3792
459.2615	3750
460.05131	3878
460.84114	3795
461.631	3810
462.42088	3760
463.21079	3776
464.00072	3703
464.79067	3751
465.58065	3713
466.37065	3705
467.16067	3723
467.95071	3625
468.74078	3594
469.53088	3682
470.321	3546
471.11114	3602
471.9013	3309
472.69149	3389
473.4817	3142
474.27193	3036
475.06219	2869
475.85247	2785
476.64278	2766
477.43311	2536
478.22346	2492
479.01384	2472
479.80424	2457
480.59466	2387
481.38511	2316
482.17558	2276
482.96607	2218
483.75659	2228
484.54713	2210
485.3377	2102
486.12828	2073
486.9189	2083
487.70953	2129
488.50019	2027
489.29087	2001
490.08158	2068
490.87231	1941
491.66306	1989
492.45384	1958
493.24464	1868
494.03546	1912
494.82631	1886
495.61718	1854
496.40808	1862
497.19899	1758
497.98994	1867
498.7809	1858
499.57189	1850
500.3629	1794
501.15394	1766
501.945	1813
502.73608	1759
503.52719	1664
504.31832	1686
505.10947	1818
505.90065	1886
506.69185	2060
507.48307	2084
508.27432	2122
509.06559	1884
509.85689	1786
510.64821	1704
511.43955	1624
512.23091	1538
513.0223	1512
513.81372	1443
514.60515	1565
515.39661	1486
516.18809	1497
516.9796	1492
517.77113	1491
518.56269	1445
519.35426	1432
520.14587	1363
520.93749	1371
521.72914	1377
522.52081	1300
523.31251	1395
524.10423	1295
524.89597	1326
525.68773	1241
526.47952	1264
527.27134	1187
528.06317	1224
528.85503	1242
529.64692	1206
530.43883	1225
531.23076	1218
532.02271	1105
532.81469	1103
533.60669	1179
534.39872	1148
535.19077	1125
535.98284	1159
536.77493	1084
537.56705	1062
538.3592	1127
539.15136	1031
539.94355	1081
540.73577	1057
541.528	1045
542.32027	1095
543.11255	990
543.90486	1035
544.69719	1000
545.48954	993
546.28192	954
547.07433	923
547.86675	913
548.6592	976
549.45167	919
550.24417	836
551.03669	852
551.82923	869
552.6218	867
553.41439	888
554.20701	850
554.99964	808
555.7923	825
556.58499	818
557.3777	867
558.17043	837
558.96319	893
559.75596	777
560.54877	826
561.34159	827
562.13444	792
562.92732	821
563.72021	787
564.51313	822
565.30608	783
566.09905	821
566.89204	815
567.68505	764
568.47809	773
569.27115	783
570.06424	761
570.85735	761
571.65048	756
572.44363	774
573.23681	714
574.03002	789
574.82324	769
575.61649	750
576.40977	807
577.20307	952
577.99639	1042
578.78973	1275
579.5831	1269
580.37649	1193
581.16991	926
581.96335	804
582.75681	746
583.55029	682
584.3438	689
585.13734	681
585.93089	651
586.72447	697
587.51808	696
588.3117	689
589.10535	665
589.89903	678
590.69273	719
591.48645	676
592.28019	701
593.07396	637
593.86775	672
594.66157	721
595.45541	655
596.24927	668
597.04316	661
597.83707	666
598.631	722
599.42496	685
600.21894	616
601.01294	688
601.80697	701
602.60102	704
603.3951	764
604.18919	960
604.98332	959
605.77746	1035
606.57163	885
607.36582	803
608.16004	695
608.95428	677
609.74854	664
610.54283	666
611.33714	626
612.13147	674
612.92583	647
613.72021	656
614.51462	634
615.30905	632
616.1035	651
616.89797	639
617.69247	599
618.48699	637
619.28154	631
620.07611	650
620.8707	660
621.66532	666
622.45996	589
623.25462	684
624.04931	592
624.84402	643
625.63876	653
626.43351	662
627.2283	673
628.0231	647
628.81793	621
629.61278	643
630.40766	672
631.20256	681
631.99748	673
632.79243	663
633.5874	656
634.38239	625
635.17741	664
635.97245	631
636.76751	713
637.5626	639
638.35771	654
639.15285	659
639.948	654
640.74319	689
641.53839	643
642.33362	693
643.12887	690
643.92415	669
644.71945	678
645.51477	719
646.31012	695
647.10549	692
647.90088	757
648.6963	680
649.49174	800
650.28721	853
651.0827	754
651.87821	942
652.67374	1769
653.4693	5691
654.26489	19354
655.06049	48417
655.85612	89398
656.65177	118362
657.44745	116060
658.24315	82251
659.03888	42155
659.83462	14488
660.63039	3548
661.42619	727
662.22201	331
663.01785	263
663.81371	236
664.6096	244
665.40551	217
666.20145	238
666.99741	281
667.79339	223
668.5894	257
669.38543	240
670.18148	223
670.97756	226
671.77366	247
672.56979	233
673.36593	221
674.1621	224
674.9583	249
675.75452	201
676.55076	241
677.34703	229
678.14332	221
678.93963	207
679.73596	232
680.53232	245
681.32871	214
682.12511	191
682.92155	217
683.718	229
684.51448	218
685.31098	254
686.1075	243
686.90405	243
687.70062	238
688.49722	199
689.29384	227
690.09048	261
690.88715	221
691.68384	198
692.48055	205
693.27729	210
694.07405	208
694.87083	219
695.66764	221
696.46447	235
697.26132	238
698.0582	225
698.8551	244
699.65203	210
700.44898	212
701.24595	209
702.04295	208
702.83997	226
703.63701	236
704.43408	218
705.23117	185
706.02828	204
706.82542	249
707.62258	198
708.41976	194
709.21697	231
710.0142	216
710.81146	214
711.60874	216
712.40604	187
713.20336	230
714.00071	206
714.79809	199
715.59548	212
716.3929	238
717.19035	201
717.98781	208
718.78531	228
719.58282	232
720.38036	314
721.17792	337
721.9755	370
722.77311	337
723.57074	289
724.3684	234
725.16608	221
725.96378	187
726.76151	196
727.55926	208
728.35703	182
729.15483	181
729.95265	206
730.75049	174
731.54836	190
732.34625	193
733.14417	202
733.9421	194
734.74007	201
735.53805	196
736.33606	202
737.13409	195
737.93215	178
738.73023	200
739.52833	189
740.32646	196
741.12461	192
741.92278	194
742.72098	224
743.5192	193
744.31745	176
745.11571	180
745.91401	210
746.71232	185
747.51066	200
748.30902	175
749.10741	223
749.90582	243
750.70425	204
751.50271	201
752.30119	215
753.09969	190
753.89822	207
754.69677	201
755.49534	172
756.29394	218
757.09256	203
757.89121	216
758.68988	184
759.48857	176
760.28728	200
761.08602	215
761.88479	246
762.68357	234
763.48238	228
764.28122	218
765.08007	175
765.87895	196
766.67786	224
767.47679	199
768.27574	201
769.07471	197
769.87371	198
770.67273	203
771.47178	176
772.27085	186
773.06994	183
773.86906	186
774.6682	163
775.46736	151
776.26655	179
777.06576	185
777.86499	191
778.66425	190
779.46353	168
780.26283	212
781.06216	198
781.86151	178
782.66089	179
783.46029	176
784.25971	182
785.05916	174
785.85863	173
786.65812	190
787.45764	204
788.25718	225
789.05674	276
789.85633	231
790.65594	218
791.45557	180
792.25523	193
793.05491	178
793.85462	179
794.65435	164
795.4541	151
796.25387	174
797.05367	161
797.8535	174
798.65334	176
799.45321	190
800.25311	176
801.05302	188
801.85296	157
802.65293	189
803.45292	164
804.25293	175
805.05296	162
805.85302	158
806.6531	177
807.45321	140
808.25334	161
809.05349	141
809.85367	180
810.65387	162
811.45409	175
812.25434	163
813.05461	157
813.8549	162
814.65522	193
815.45556	164
816.25593	172
817.05631	131
817.85673	160
818.65716	151
819.45762	167
820.2581	159
821.05861	167
821.85914	157
822.65969	187
823.46027	147
824.26087	168
825.06149	185
825.86214	159
826.66281	175
827.46351	178
828.26422	187
829.06496	166
829.86573	176
830.66652	206
831.46733	161
832.26817	168
833.06903	174
833.86991	169
834.67082	157
835.47175	171
836.2727	160
837.07368	145
837.87468	119
838.6757	149
839.47675	138
840.27782	140
841.07892	164
841.88004	167
842.68118	162
843.48234	163
844.28353	160
845.08475	147
845.88598	164
846.68724	142
847.48853	169
848.28983	176
849.09116	155
849.89252	187
850.6939	170
851.4953	179
852.29672	210
853.09817	263
853.89964	266
854.70114	229
855.50266	204
856.3042	179
857.10577	156
857.90735	166
858.70897	127
859.51061	150
860.31227	142
861.11395	140
861.91566	146
862.71739	158
863.51914	150
864.32092	154
865.12272	153
865.92455	136
866.7264	141
867.52827	150
868.33017	143
869.13209	133
869.93403	125
870.73599	161
871.53799	148
872.34	140
873.14204	153
873.9441	163
874.74618	145
875.54829	145
876.35042	153
877.15258	157
877.95476	157
878.75696	130
879.55918	147
880.36143	171
881.16371	139
881.966	127
882.76832	148
883.57067	158
884.37303	158
885.17542	137
885.97784	150
886.78028	149
887.58274	137
888.38522	154
889.18773	159
889.99026	165
890.79282	126
891.5954	144
892.398	141
893.20063	161
894.00328	142
894.80595	157
895.60865	174
896.41137	168
897.21411	172
898.01688	169
898.81967	152
899.62249	163
900.42532	176
901.22819	238
902.03107	368
902.83398	569
903.63691	618
904.43987	621
905.24285	502
906.04585	326
906.84888	213
907.65193	156
908.455	146
909.2581	140
910.06122	136
910.86437	125
911.66753	152
912.47073	147
913.27394	126
914.07718	129
914.88044	126
915.68373	141
916.48704	124
917.29037	138
918.09373	139
918.89711	121
919.70051	137
920.50394	138
921.30739	141
922.11086	144
922.91436	142
923.71788	131
924.52143	158
925.325	166
926.12859	161
926.9322	156
927.73584	154
928.53951	152
929.34319	142
930.1469	136
930.95064	138
931.75439	130
932.55817	107
933.36198	148
934.16581	119
934.96966	132
935.77353	139
936.57743	132
937.38135	143
938.1853	135
938.98927	156
939.79326	145
940.59728	160
941.40132	155
942.20538	151
943.00947	142
943.81358	159
944.61771	136
945.42187	127
946.22605	125
947.03025	141
947.83448	135
948.63873	97
949.44301	131
950.24731	160
951.05163	133
951.85598	133
952.66035	123
953.46474	142
954.26916	154
955.0736	185
955.87806	182
956.68255	238
957.48706	253
958.29159	228
959.09615	300
959.90073	452
960.70534	441
961.50997	406
962.31462	333
963.11929	248
963.92399	159
964.72872	153
965.53346	112
966.33823	136
967.14303	116
967.94784	116
968.75268	106
969.55755	127
970.36244	117
971.16735	128
971.97228	132
972.77724	119
973.58222	116
974.38723	123
975.19226	117
975.99731	144
976.80239	115
977.60749	108
978.41261	116
979.21776	129
980.02293	120
980.82812	120
981.63334	112
982.43858	123
983.24385	123
984.04913	113
984.85445	116
985.65978	122
986.46514	140
987.27052	145
988.07593	133
988.88136	141
989.68681	104
990.49229	114
991.29779	105
992.10331	123
992.90886	116
993.71443	107
994.52003	121
995.32565	130
996.13129	118
996.93695	113
997.74264	124
998.54835	110
999.35409	109
1000.15985	115
1000.96563	115
1001.77144	116
1002.57727	119
1003.38312	120
1004.189	129
1004.9949	123
1005.80082	127
1006.60677	112
1007.41274	133
1008.21874	118
1009.02476	112
1009.8308	98
1010.63687	104
1011.44296	114
1012.24907	105
1013.0552	127
1013.86136	105
1014.66755	118
1015.47375	103
1016.27999	124
1017.08624	109
1017.89252	120
1018.69882	116
1019.50514	129
1020.31149	117
1021.11786	110
1021.92426	130
1022.73068	111
1023.53712	121
1024.34359	108
1025.15008	128
1025.95659	138
1026.76313	112
1027.56969	116
1028.37627	113
1029.18288	117
1029.98951	133
1030.79617	107
1031.60284	119
1032.40955	106
1033.21627	114
1034.02302	132
1034.82979	124
1035.63659	117
1036.44341	117
1037.25025	112
1038.05712	97
1038.86401	124
1039.67092	149
1040.47786	107
1041.28482	128
1042.0918	95
1042.89881	121
1043.70584	124
1044.5129	117
1045.31998	115
1046.12708	117
1046.93421	113
1047.74136	101
1048.54853	128
1049.35573	104
1050.16295	119
1050.97019	127
1051.77746	107
1052.58475	117
1053.39206	122
1054.1994	115
1055.00676	137
1055.81415	98
1056.62155	126
1057.42899	118
1058.23644	119
1059.04392	110
1059.85142	103
1060.65895	115
1061.4665	97
1062.27407	111
1063.08167	113
1063.88929	107
1064.69694	103
1065.5046	133
1066.31229	139
1067.12001	126
1067.92775	126
1068.73551	114
1069.54329	127
1070.3511	124
1071.15894	126
1071.96679	114
1072.77467	96
1073.58258	117
1074.3905	127
1075.19845	135
1076.00643	120
1076.81442	116
1077.62244	115
1078.43049	100
1079.23856	119
1080.04665	133
1080.85476	102
1081.6629	115
1082.47107	124
1083.27925	120
1084.08746	124
1084.89569	126
1085.70395	108
1086.51223	95
1087.32053	109
1088.12886	119
1088.93721	117
1089.74559	122
1090.55399	114
1091.36241	125
1092.17085	116
1092.97932	131
1093.78781	125
1094.59633	119
1095.40487	109
1096.21343	122
1097.02202	101
1097.83063	104
1098.63926	139
1099.44792	119
1100.2566	112
1101.0653	127
1101.87403	121
1102.68278	140
1103.49156	120
1104.30036	119
1105.10918	114
1105.91802	126
1106.72689	128
1107.53578	144
1108.3447	177
1109.15364	240
1109.9626	243
1110.77159	251
1111.5806	191
1112.38964	175
1113.19869	131
1114.00777	121
1114.81688	103
1115.62601	110
1116.43516	113
1117.24433	105
1118.05353	134
1118.86276	105
1119.672	117
1120.48127	99
1121.29056	100
1122.09988	124
1122.90922	115
1123.71859	121
1124.52797	121
1125.33738	109
1126.14682	132
1126.95628	111
1127.76576	131
1128.57526	115
1129.38479	132
1130.19434	119
1131.00392	110
1131.81352	116
1132.62314	125
1133.43279	101
1134.24246	114
1135.05215	131
1135.86187	115
1136.67161	106
1137.48137	119
1138.29116	109
1139.10097	113
1139.91081	102
1140.72067	126
1141.53055	122
1142.34046	120
1143.15038	148
1143.96034	133
1144.77031	123
1145.58031	138
1146.39034	126
1147.20038	104
1148.01045	127
1148.82055	117
1149.63067	125
1150.44081	114
1151.25097	107
1152.06116	101
1152.87137	117
1153.68161	115
1154.49187	111
1155.30215	123
1156.11246	119
1156.92279	124
1157.73314	108
1158.54352	117
1159.35392	116
1160.16434	133
1160.97479	118
1161.78526	99
1162.59575	129
1163.40627	104
1164.21681	127
1165.02738	112
1165.83797	106
1166.64858	86
1167.45922	105
1168.26988	108
1169.08056	112
1169.89126	118
1170.702	121
1171.51275	117
1172.32353	115
1173.13433	115
1173.94515	126
1174.756	121
1175.56687	118
1176.37777	115
1177.18868	109
1177.99963	96
1178.81059	117
1179.62158	124
1180.43259	112
1181.24363	113
1182.05469	129
1182.86577	122
1183.67688	140
1184.48801	98
1185.29917	120
1186.11034	123
1186.92155	130
1187.73277	113
1188.54402	101
1189.35529	132
1190.16659	151
1190.97791	107
1191.78925	120
1192.60061	107
1193.412	131
1194.22342	115
1195.03486	135
1195.84632	136
1196.6578	115
1197.46931	115
1198.28084	122
1199.09239	123
1199.90397	109
1200.71557	118
1201.5272	135
1202.33885	121
1203.15052	133
1203.96222	140
1204.77394	129
1205.58568	125
1206.39745	130
1207.20924	100
1208.02105	142
1208.83289	130
1209.64475	121
1210.45663	134
1211.26854	103
1212.08047	111
1212.89243	133
1213.70441	112
1214.51641	109
1215.32843	121
1216.14048	119
1216.95256	128
1217.76465	130
1218.57677	124
1219.38892	129
1220.20108	121
1221.01327	100
1221.82549	121
1222.63773	118
1223.44999	128
1224.26227	133
1225.07458	160
1225.88691	183
1226.69927	168
1227.51165	143
1228.32405	142
1229.13648	136
1229.94893	99
1230.7614	114
1231.5739	101
1232.38642	106
1233.19896	105
1234.01153	117
1234.82412	103
1235.63674	92
1236.44938	106
1237.26204	92
1238.07472	95
1238.88743	110
1239.70016	110
1240.51292	79
1241.3257	77
1242.1385	98
1242.95133	92
1243.76418	75
1244.57705	84
1245.38995	93
1246.20287	110
1247.01582	90
1247.82879	97
1248.64178	77
1249.45479	86
1250.26783	106
1251.08089	106
1251.89398	75
1252.70709	99
1253.52022	97
1254.33338	111
1255.14656	79
1255.95976	94
1256.77299	109
1257.58624	96
1258.39952	94
1259.21281	80
1260.02614	84
1260.83948	87
1261.65285	84
1262.46624	77
1263.27966	98
1264.0931	109
1264.90656	85
1265.72005	100
1266.53356	98
1267.34709	91
1268.16065	94
1268.97423	98
1269.78783	83
1270.60146	103
1271.41511	76
1272.22879	77
1273.04248	81
1273.85621	96
1274.66995	90
1275.48372	86
1276.29751	75
1277.11133	85
1277.92517	76
1278.73903	88
1279.55292	92
1280.36683	100
1281.18076	84
1281.99472	81
1282.8087	86
1283.62271	94
1284.43674	86
1285.25079	86
1286.06486	69
1286.87896	73
1287.69309	68
1288.50723	75
1289.3214	60
1290.13559	80
1290.94981	72
1291.76405	87
1292.57832	74
1293.3926	78
1294.20691	77
1295.02125	71
1295.83561	82
1296.64999	84
1297.46439	73
1298.27882	81
1299.09327	87
1299.90775	72
1300.72225	75
1301.53677	82
1302.35132	66
1303.16589	78
1303.98048	77
1304.7951	79
1305.60974	79
1306.42441	68
1307.23909	71
1308.0538	78
1308.86854	69
1309.6833	62
1310.49808	66
1311.31289	65
1312.12772	72
1312.94257	65
1313.75744	78
1314.57234	55
1315.38727	74
1316.20221	54
1317.01719	77
1317.83218	56
1318.6472	81
1319.46224	68
1320.2773	59
1321.09239	57
1321.9075	68
1322.72264	65
1323.5378	74
1324.35298	60
1325.16819	61
1325.98342	52
1326.79867	60
1327.61395	52
1328.42925	63
1329.24457	61
1330.05992	64
1330.87529	57
1331.69068	56
1332.5061	75
1333.32154	67
1334.13701	61
1334.9525	55
1335.76801	74
1336.58355	61
1337.39911	63
1338.21469	52
1339.0303	65
1339.84593	64
1340.66158	43
1341.47726	52
1342.29296	66
1343.10868	62
1343.92443	53
1344.7402	56
1345.556	55
1346.37182	72
1347.18766	68
1348.00352	46
1348.81941	62
1349.63533	42
1350.45126	51
1351.26722	59
1352.08321	53
1352.89921	69
1353.71524	62
1354.5313	48
1355.34738	50
1356.16348	60
1356.9796	49
1357.79575	70
1358.61192	52
1359.42812	58
1360.24434	66
1361.06058	63
1361.87685	73
1362.69314	66
1363.50945	89
1364.32579	80
1365.14215	99
1365.95853	68
1366.77494	67
1367.59137	55
1368.40783	79
1369.2243	60
1370.04081	48
1370.85733	57
1371.67388	62
1372.49045	64
1373.30705	65
1374.12367	54
1374.94031	50
1375.75698	64
1376.57367	57
1377.39038	55
1378.20712	50
1379.02388	38
1379.84066	41
1380.65747	60
1381.4743	51
1382.29116	52
1383.10804	52
1383.92494	52
1384.74187	60
1385.55882	63
1386.37579	59
1387.19279	55
1388.00981	57
1388.82685	57
1389.64392	54
1390.46101	47
1391.27812	44
1392.09526	45
1392.91242	64
1393.72961	73
1394.54681	57
1395.36405	58
1396.1813	58
1396.99858	45
1397.81588	46
1398.63321	55
1399.45056	47
1400.26793	49
1401.08533	64
1401.90275	57
1402.7202	62
1403.53766	53
1404.35516	37
1405.17267	51
1405.99021	53
1406.80777	47
1407.62536	40
1408.44297	42
1409.2606	49
1410.07825	59
1410.89593	57
1411.71364	52
1412.53136	46
1413.34911	52
1414.16689	51
1414.98469	41
1415.80251	42
1416.62035	56
1417.43822	51
1418.25611	53
1419.07403	56
1419.89197	57
1420.70993	43
1421.52791	57
1422.34592	51
1423.16396	51
1423.98201	56
1424.80009	45
1425.6182	54
1426.43632	51
1427.25448	42
1428.07265	63
1428.89085	51
1429.70907	44
1430.52731	57
1431.34558	45
1432.16388	57
1432.98219	47
1433.80053	59
1434.61889	59
1435.43728	48
1436.25569	66
1437.07412	72
1437.89258	52
1438.71106	51
1439.52957	68
1440.34809	84
1441.16665	143
1441.98522	215
1442.80382	450
1443.62244	794
1444.44109	1226
1445.25976	1639
1446.07845	1776
1446.89716	1621
1447.7159	1291
1448.53467	803
1449.35345	474
1450.17227	274
1450.9911	114
1451.80996	65
1452.62884	31
1453.44774	33
1454.26667	29
1455.08562	31
1455.9046	34
1456.7236	24
1457.54262	31
1458.36167	27
1459.18074	28
1459.99983	36
1460.81895	34
1461.63809	32
1462.45725	33
1463.27644	27
1464.09565	42
1464.91488	28
1465.73414	36
1466.55342	31
1467.37273	40
1468.19206	19
1469.01141	31
1469.83078	29
1470.65018	34
1471.46961	26
1472.28905	30
1473.10852	27
1473.92802	37
1474.74753	39
1475.56708	30
1476.38664	26
1477.20623	34
1478.02584	39
1478.84547	47
1479.66513	53
1480.48482	57
1481.30452	44
1482.12425	37
1482.944	38
1483.76378	51
1484.58358	39
1485.4034	41
1486.22325	36
1487.04312	46
1487.86301	43
1488.68293	30
1489.50287	39
1490.32284	29
1491.14283	35
1491.96284	37
1492.78287	40
1493.60293	39
1494.42302	43
1495.24312	58
1496.06325	43
1496.88341	28
1497.70358	40
1498.52378	32
1499.34401	26
1500.16425	26
1500.98453	24
1501.80482	28
1502.62514	23
1503.44548	25
1504.26585	23
1505.08623	26
1505.90665	30
1506.72708	23
1507.54754	21
1508.36803	29
1509.18853	27
1510.00906	30
1510.82962	27
1511.65019	30
1512.47079	28
1513.29142	31
1514.11207	24
1514.93274	38
1515.75343	36
1516.57415	30
1517.39489	43
1518.21566	28
1519.03645	22
1519.85726	21
1520.6781	43
1521.49896	40
1522.31984	32
1523.14075	22
1523.96168	36
1524.78263	24
1525.60361	35
1526.42461	25
1527.24564	38
1528.06669	21
1528.88776	31
1529.70886	29
1530.52997	22
1531.35112	26
1532.17228	26
1532.99347	27
1533.81469	17
1534.63592	24
1535.45718	34
1536.27847	28
1537.09978	28
1537.92111	22
1538.74246	34
1539.56384	36
1540.38524	29
1541.20667	28
1542.02812	18
1542.84959	37
1543.67108	25
1544.4926	20
1545.31415	22
1546.13571	19
1546.9573	23
1547.77892	28
1548.60056	25
1549.42222	27
1550.2439	23
1551.06561	23
1551.88734	34
1552.7091	31
1553.53088	32
1554.35268	26
1555.1745	29
1555.99635	25
1556.81823	22
1557.64012	17
1558.46204	29
1559.28399	26
1560.10595	35
1560.92794	33
1561.74996	30
1562.572	38
1563.39406	40
1564.21614	42
1565.03825	31
1565.86038	49
1566.68254	53
1567.50472	40
1568.32692	51
1569.14915	59
1569.9714	73
1570.79367	71
1571.61597	96
1572.43829	90
1573.26063	95
1574.083	83
1574.90539	75
1575.72781	85
1576.55025	77
1577.37271	72
1578.19519	48
1579.0177	54
1579.84024	53
1580.66279	36
1581.48537	26
1582.30797	23
1583.1306	22
1583.95325	32
1584.77593	37
1585.59862	34
1586.42134	21
1587.24409	23
1588.06686	20
1588.88965	20
1589.71246	26
1590.5353	28
1591.35817	26
1592.18105	37
1593.00396	26
1593.82689	26
1594.64985	28
1595.47283	26
1596.29584	28
1597.11886	25
1597.94191	33
1598.76499	34
1599.58809	31
1600.41121	35
1601.23435	38
1602.05752	48
1602.88071	47
1603.70393	65
1604.52717	45
1605.35043	34
1606.17372	35
1606.99703	46
1607.82036	22
1608.64372	46
1609.4671	27
1610.2905	30
1611.11393	29
1611.93738	55
1612.76086	54
1613.58436	42
1614.40788	56
1615.23143	34
1616.05499	46
1616.87859	44
1617.7022	23
1618.52584	18
1619.34951	36
1620.17319	30
1620.9969	31
1621.82064	29
1622.6444	28
1623.46818	33
1624.29198	23
1625.11581	21
1625.93966	19
1626.76354	16
1627.58744	21
1628.41136	23
1629.23531	19
1630.05927	27
1630.88327	21
1631.70728	21
1632.53133	12
1633.35539	22
1634.17948	22
1635.00359	19
1635.82772	26
1636.65188	16
1637.47606	21
1638.30027	28
1639.1245	21
1639.94875	30
1640.77302	17
1641.59732	37
1642.42165	29
1643.24599	29
1644.07036	26
1644.89476	33
1645.71917	31
1646.54362	33
1647.36808	31
1648.19257	27
1649.01708	28
1649.84161	25
1650.66617	10
1651.49076	20
1652.31536	20
1653.13999	26
1653.96464	22
1654.78932	18
1655.61402	16
1656.43874	24
1657.26349	26
1658.08826	29
1658.91305	25
1659.73787	22
1660.56271	19
1661.38758	25
1662.21247	25
1663.03738	27
1663.86231	27
1664.68727	29
1665.51226	17
1666.33726	19
1667.16229	28
1667.98735	30
1668.81242	21
1669.63752	16
1670.46265	25
1671.28779	26
1672.11297	21
1672.93816	23
1673.76338	32
1674.58862	22
1675.41389	27
1676.23917	23
1677.06449	27
1677.88982	23
1678.71518	17
1679.54057	14
1680.36597	30
1681.1914	29
1682.01686	11
1682.84233	19
1683.66783	23
1684.49336	25
1685.31891	21
1686.14448	21
1686.97007	26
1687.79569	25
1688.62134	20
1689.447	16
1690.27269	28
1691.0984	22
1691.92414	18
1692.7499	29
1693.57568	19
1694.40149	21
1695.22732	30
1696.05318	21
1696.87905	14
1697.70495	25
1698.53088	25
1699.35683	20
1700.1828	22
1701.0088	19
1701.83482	31
1702.66086	17
1703.48692	25
1704.31301	30
1705.13913	22
1705.96526	22
1706.79143	26
1707.61761	30
1708.44382	31
1709.27005	30
1710.0963	27
1710.92258	41
1711.74888	42
1712.57521	40
1713.40156	33
1714.22793	20
1715.05433	25
1715.88075	27
1716.70719	12
1717.53366	22
1718.36015	32
1719.18666	16
1720.0132	22
1720.83976	25
1721.66634	20
1722.49295	21
1723.31958	20
1724.14624	27
1724.97292	27
1725.79962	19
1726.62635	25
1727.4531	25
1728.27987	20
1729.10666	21
1729.93349	24
1730.76033	14
1731.5872	20
1732.41409	23
1733.241	29
1734.06794	18
1734.8949	23
1735.72189	19
1736.54889	20
1737.37593	28
1738.20298	31
1739.03006	17
1739.85716	28
1740.68429	26
1741.51144	29
1742.33861	53
1743.16581	74
1743.99303	92
1744.82028	116
1745.64754	127
1746.47484	107
1747.30215	88
1748.12949	81
1748.95685	48
1749.78424	42
1750.61165	25
1751.43908	19
1752.26653	27
1753.09401	26
1753.92152	17
1754.74904	17
1755.57659	16
1756.40417	27
1757.23177	17
1758.05939	21
1758.88703	15
1759.7147	22
1760.54239	19
1761.37011	19
1762.19785	21
1763.02561	16
1763.8534	17
1764.6812	20
1765.50904	26
1766.33689	18
1767.16477	28
1767.99268	29
1768.82061	25
1769.64856	22
1770.47653	22
1771.30453	18
1772.13255	21
1772.9606	18
1773.78867	35
1774.61676	20
1775.44487	31
1776.27301	19
1777.10118	19
1777.92936	19
1778.75757	25
1779.58581	17
1780.41406	19
1781.24234	22
1782.07065	13
1782.89898	22
1783.72733	20
1784.5557	31
1785.3841	20
1786.21252	17
1787.04097	18
1787.86944	24
1788.69793	24
1789.52645	20
1790.35499	23
1791.18355	15
1792.01214	27
1792.84075	21
1793.66938	27
1794.49804	22
1795.32672	26
1796.15543	15
1796.98415	25
1797.81291	21
1798.64168	23
1799.47048	25
1800.2993	18
1801.12815	20
1801.95702	19
1802.78591	22
1803.61483	26
1804.44377	32
1805.27273	17
1806.10172	21
1806.93073	20
1807.75977	10
1808.58882	26
1809.41791	26
1810.24701	22
1811.07614	26
1811.90529	24
1812.73447	24
1813.56367	21
1814.39289	22
1815.22214	26
1816.05141	27
1816.8807	22
1817.71002	14
1818.53936	18
1819.36872	31
1820.19811	15
1821.02752	21
1821.85696	29
1822.68642	22
1823.5159	23
1824.34541	21
1825.17493	35
1826.00449	27
1826.83406	33
1827.66366	37
1828.49329	42
1829.32293	28
1830.15261	31
1830.9823	20
1831.81202	26
1832.64176	31
1833.47152	18
1834.30131	21
1835.13112	19
1835.96096	31
1836.79082	16
1837.6207	17
1838.45061	21
1839.28054	21
1840.11049	25
1840.94047	22
1841.77047	21
1842.60049	24
1843.43054	17
1844.26061	19
1845.09071	14
1845.92082	20
1846.75097	23
1847.58113	24
1848.41132	23
1849.24153	29
1850.07177	23
1850.90203	24
1851.73231	21
1852.56262	30
1853.39295	18
1854.2233	22
1855.05368	22
1855.88408	22
1856.7145	24
1857.54495	25
1858.37542	19
1859.20592	20
1860.03644	20
1860.86698	9
1861.69755	25
1862.52814	16
1863.35875	26
1864.18939	31
1865.02005	26
1865.85073	23
1866.68144	19
1867.51217	21
1868.34292	24
1869.1737	30
1870.0045	18
1870.83533	19
1871.66617	12
1872.49705	23
1873.32794	18
1874.15886	22
1874.9898	18
1875.82077	19
1876.65176	28
1877.48277	15
1878.31381	18
1879.14487	17
1879.97596	21
1880.80706	16
1881.63819	25
1882.46935	15
1883.30053	18
1884.13173	20
1884.96295	23
1885.7942	17
1886.62548	14
1887.45677	25
1888.28809	21
1889.11944	17
1889.9508	16
1890.78219	26
1891.61361	12
1892.44504	24
1893.27651	25
1894.10799	18
1894.9395	20
1895.77103	21
1896.60259	18
1897.43416	18
1898.26577	25
1899.09739	21
1899.92904	18
1900.76071	25
1901.59241	27
1902.42413	23
1903.25588	19
1904.08764	18
1904.91943	19
1905.75125	13
1906.58309	20
1907.41495	28
1908.24683	21
1909.07874	17
1909.91067	26
1910.74263	27
1911.57461	10
1912.40661	17
1913.23864	19
1914.07069	25
1914.90276	16
1915.73486	24
1916.56698	18
1917.39912	24
1918.23129	20
1919.06348	29
1919.8957	30
1920.72794	15
1921.5602	16
1922.39248	22
1923.22479	22
1924.05713	38
1924.88948	18
1925.72186	24
1926.55426	21
1927.38669	20
1928.21914	26
1929.05162	22
1929.88411	22
1930.71663	33
1931.54918	23
1932.38175	18
1933.21434	21
1934.04696	21
1934.87959	23
1935.71226	17
1936.54494	14
1937.37765	20
1938.21039	26
1939.04314	17
1939.87592	15
1940.70873	21
1941.54155	23
1942.3744	29
1943.20728	18
1944.04018	20
1944.8731	15
1945.70604	16
1946.53901	22
1947.37201	17
1948.20502	23
1949.03806	23
1949.87112	23
1950.70421	15
1951.53732	26
1952.37045	22
1953.20361	18
1954.03679	24
1954.87	16
1955.70322	19
1956.53648	22
1957.36975	19
1958.20305	25
1959.03637	24
1959.86972	19
1960.70309	20
1961.53648	22
1962.36989	14
1963.20333	22
1964.0368	25
1964.87029	19
1965.7038	14
1966.53733	17
1967.37089	22
1968.20447	12
1969.03807	18
1969.8717	17
1970.70535	17
1971.53903	20
1972.37273	13
1973.20645	16
1974.0402	15
1974.87397	15
1975.70776	23
1976.54158	18
1977.37542	29
1978.20928	23
1979.04317	21
1979.87708	23
1980.71101	19
1981.54497	23
1982.37895	17
1983.21296	24
1984.04699	23
1984.88104	18
1985.71512	18
1986.54922	19
1987.38334	16
1988.21749	17
1989.05166	23
1989.88585	15
1990.72007	15
1991.55431	16
1992.38857	24
1993.22286	25
1994.05717	24
1994.89151	23
1995.72587	27
1996.56025	28
1997.39465	25
1998.22908	19
1999.06354	23
1999.89801	20
2000.73251	22
2001.56704	12
2002.40158	18
2003.23615	17
2004.07075	20
2004.90537	15
2005.74001	22
2006.57467	25
2007.40936	24
2008.24407	22
2009.07881	13
2009.91357	13
2010.74835	10
2011.58316	16
2012.41799	26
2013.25284	21
2014.08772	20
2014.92262	17
2015.75754	20
2016.59249	19
2017.42746	20
2018.26246	16
2019.09747	21
2019.93252	25
2020.76758	15
2021.60267	15
2022.43778	15
2023.27292	11
2024.10808	15
2024.94326	20
2025.77847	15
2026.6137	21
2027.44895	23
2028.28423	10
2029.11953	17
2029.95485	15
2030.7902	17
2031.62557	23
2032.46097	16
2033.29639	16
2034.13183	14
2034.9673	20
2035.80279	17
2036.6383	16
2037.47384	23
2038.3094	17
2039.14498	16
2039.98059	17
2040.81622	13
2041.65187	19
2042.48755	29
2043.32325	16
2044.15898	18
2044.99472	17
2045.8305	14
2046.66629	18
2047.50211	12
2048.33795	18
2049.17382	17
2050.00971	18
2050.84562	16
2051.68156	18
2052.51752	21
2053.35351	28
2054.18951	13
2055.02554	10
2055.8616	18
2056.69768	14
2057.53378	17
2058.36991	23
2059.20605	19
2060.04223	17
2060.87842	13
2061.71464	23
2062.55089	18
2063.38715	30
2064.22344	20
2065.05976	21
2065.8961	23
2066.73246	17
2067.56884	21
2068.40525	23
2069.24168	22
2070.07814	23
2070.91461	20
2071.75112	26
2072.58764	20
2073.42419	24
2074.26077	20
2075.09736	33
2075.93398	39
2076.77063	44
2077.60729	49
2078.44398	78
2079.2807	81
2080.11744	84
2080.9542	87
2081.79098	57
2082.62779	66
2083.46462	50
2084.30148	35
2085.13836	26
2085.97526	33
2086.81219	22
2087.64914	21
2088.48611	15
2089.32311	21
2090.16013	28
2090.99717	24
2091.83424	23
2092.67133	24
2093.50845	29
2094.34559	23
2095.18275	28
2096.01994	17
2096.85714	29
2097.69438	15
2098.53163	22
2099.36891	22
2100.20622	17
2101.04354	13
2101.88089	16
2102.71827	18
2103.55567	20
2104.39309	32
2105.23053	18
2106.068	21
2106.90549	21
2107.74301	12
2108.58055	17
2109.41811	17
2110.25569	20
2111.0933	12
2111.93094	28
2112.76859	21
2113.60627	14
2114.44398	25
2115.28171	28
2116.11946	19
2116.95723	17
2117.79503	15
2118.63285	19
2119.4707	17
2120.30857	24
2121.14646	21
2121.98437	22
2122.82231	14
2123.66028	21
2124.49826	18
2125.33627	25
2126.17431	20
2127.01236	25
2127.85044	25
2128.68855	22
2129.52668	19
2130.36483	13
2131.203	25
2132.0412	19
2132.87942	25
2133.71767	19
2134.55594	19
2135.39423	18
2136.23255	9
2137.07089	13
2137.90925	15
2138.74764	14
2139.58605	23
2140.42448	23
2141.26294	18
2142.10142	15
2142.93993	19
2143.77846	18
2144.61701	17
2145.45558	26
2146.29418	20
2147.1328	23
2147.97145	27
2148.81012	24
2149.64881	25
2150.48753	16
2151.32627	16
2152.16503	22
2153.00382	18
2153.84263	22
2154.68147	23
2155.52033	21
2156.35921	23
2157.19811	24
2158.03704	29
2158.87599	24
2159.71497	22
2160.55397	13
2161.39299	25
2162.23204	19
2163.07111	17
2163.9102	16
2164.74932	14
2165.58846	16
2166.42763	16
2167.26681	26
2168.10603	15
2168.94526	28
2169.78452	25
2170.6238	16
2171.46311	22
2172.30244	24
2173.14179	15
2173.98117	21
2174.82057	23
2175.65999	15
2176.49944	27
2177.33891	37
2178.1784	41
2179.01792	35
2179.85746	44
2180.69703	50
2181.53662	48
2182.37623	35
2183.21586	34
2184.05552	28
2184.8952	24
2185.73491	23
2186.57464	24
2187.41439	15
2188.25417	19
2189.09397	16
2189.9338	20
2190.77364	24
2191.61351	19
2192.45341	9
2193.29333	16
2194.13327	20
2194.97323	23
2195.81322	18
2196.65324	21
2197.49327	21
2198.33333	18
2199.17342	27
2200.01352	19
2200.85365	19
2201.69381	19
2202.53398	25
2203.37418	18
2204.21441	24
2205.05466	24
2205.89493	24
2206.73522	23
2207.57554	25
2208.41589	24
2209.25625	20
2210.09664	18
2210.93705	20
2211.77749	21
2212.61795	20
2213.45843	23
2214.29894	24
2215.13947	19
2215.98003	27
2216.8206	26
2217.66121	22
2218.50183	29
2219.34248	15
2220.18315	13
2221.02385	27
2221.86457	22
2222.70531	21
2223.54608	20
2224.38687	21
2225.22768	10
2226.06852	17
2226.90938	19
2227.75026	20
2228.59117	21
2229.4321	29
2230.27306	31
2231.11403	21
2231.95504	20
2232.79606	18
2233.63711	20
2234.47818	19
2235.31928	23
2236.1604	27
2237.00154	16
2237.84271	22
2238.6839	17
2239.52511	22
2240.36635	25
2241.20761	29
2242.0489	12
2242.8902	25
2243.73154	32
2244.57289	18
2245.41427	18
2246.25567	22
2247.0971	21
2247.93855	24
2248.78002	22
2249.62152	23
2250.46304	24
2251.30458	25
2252.14615	21
2252.98774	26
2253.82936	22
2254.67099	29
2255.51265	25
2256.35434	23
2257.19605	25
2258.03778	25
2258.87954	30
2259.72132	19
2260.56312	16
2261.40495	25
2262.2468	24
2263.08867	25
2263.93057	16
2264.77249	19
2265.61443	16
2266.4564	27
2267.29839	26
2268.14041	26
2268.98244	26
2269.82451	20
2270.66659	24
2271.5087	17
2272.35083	17
2273.19299	23
2274.03517	27
2274.87737	21
2275.7196	25
2276.56185	14
2277.40412	24
2278.24642	22
2279.08874	25
2279.93109	24
2280.77346	27
2281.61585	17
2282.45826	20
2283.3007	24
2284.14317	21
2284.98565	27
2285.82816	23
2286.67069	27
2287.51325	32
2288.35583	24
2289.19844	30
2290.04106	28
2290.88371	19
2291.72639	26
2292.56909	16
2293.41181	27
2294.25455	34
2295.09732	21
2295.94011	27
2296.78293	23
2297.62577	19
2298.46863	18
2299.31152	34
2300.15443	17
2300.99736	20
2301.84032	10
2302.6833	31
2303.52631	18
2304.36933	23
2305.21239	22
2306.05546	19
2306.89856	25
2307.74168	18
2308.58483	25
2309.428	28
2310.27119	27
2311.11441	26
2311.95765	25
2312.80091	21
2313.6442	35
2314.48751	18
2315.33084	35
2316.1742	32
2317.01758	27
2317.86098	21
2318.70441	27
2319.54786	20
2320.39134	27
2321.23484	30
2322.07836	26
2322.92191	29
2323.76548	33
2324.60907	21
2325.45269	31
2326.29633	24
2327.13999	16
2327.98368	24
2328.82739	26
2329.67113	15
2330.51488	29
2331.35867	27
2332.20247	30
2333.0463	22
2333.89015	32
2334.73403	29
2335.57793	20
2336.42185	26
2337.2658	24
2338.10977	19
2338.95376	23
2339.79778	32
2340.64182	29
2341.48588	20
2342.32997	29
2343.17408	27
2344.01822	22
2344.86238	34
2345.70656	22
2346.55077	31
2347.395	24
2348.23925	20
2349.08353	24
2349.92783	25
2350.77215	20
2351.6165	33
2352.46087	16
2353.30526	34
2354.14968	29
2354.99412	20
2355.83859	18
2356.68307	19
2357.52759	22
2358.37212	17
2359.21668	19
2360.06126	29
2360.90587	21
2361.7505	15
2362.59515	31
2363.43983	19
2364.28453	23
2365.12925	16
2365.974	18
2366.81877	15
2367.66357	16
2368.50839	26
2369.35323	19
2370.19809	17
2371.04298	14
2371.8879	13
2372.73283	18
2373.57779	19
2374.42277	22
2375.26778	16
2376.11281	18
2376.95787	18
2377.80294	13
2378.64804	17
2379.49317	19
2380.33832	17
2381.18349	17
2382.02868	12
2382.8739	16
2383.71914	14
2384.56441	18
2385.4097	12
2386.25501	12
2387.10035	21
2387.94571	16
2388.79109	14
2389.6365	18
2390.48193	7
2391.32739	13
2392.17286	13
2393.01837	13
2393.86389	9
2394.70944	13
2395.55501	12
2396.40061	17
2397.24623	16
2398.09187	10
2398.93754	14
2399.78323	5
2400.62894	15
2401.47468	22
2402.32044	12
2403.16622	14
2404.01203	20
2404.85786	19
2405.70372	10
2406.54959	10
2407.3955	16
2408.24142	20
2409.08737	14
2409.93334	14
2410.77934	9
2411.62536	10
2412.4714	12
2413.31747	17
2414.16356	17
2415.00967	16
2415.85581	23
2416.70197	13
2417.54816	9
2418.39437	29
2419.2406	30
2420.08685	26
2420.93313	18
2421.77943	19
2422.62576	18
2423.47211	22
2424.31848	21
2425.16488	19
2426.0113	17
2426.85774	14
2427.70421	22
2428.5507	14
2429.39722	9
2430.24375	18
2431.09032	9
2431.9369	7
2432.78351	10
2433.63014	16
2434.4768	17
2435.32348	19
2436.17018	10
2437.01691	12
2437.86366	17
2438.71043	14
2439.55723	12
2440.40405	7
2441.25089	10
2442.09776	13
2442.94465	9
2443.79157	10
2444.6385	10
2445.48547	12
2446.33245	7
2447.17946	8
2448.02649	9
2448.87355	7
2449.72063	14
2450.56773	10
2451.41486	13
2452.26201	11
2453.10919	12
2453.95638	7
2454.8036	13
2455.65085	12
2456.49812	11
2457.34541	9
2458.19273	5
2459.04006	9
2459.88743	3
2460.73481	10
2461.58222	6
2462.42966	1
2463.27711	7
2464.12459	6
2464.9721	7
2465.81962	13
2466.66718	4
2467.51475	10
2468.36235	10
2469.20997	8
2470.05762	5
2470.90528	5
2471.75298	3
2472.60069	5
2473.44843	10
2474.29619	7
2475.14398	6
2475.99179	4
2476.83963	7
2477.68748	10
2478.53536	4
2479.38327	8
2480.2312	8
2481.07915	7
2481.92712	6
2482.77512	8
2483.62314	4
2484.47119	6
2485.31926	11
2486.16735	10
2487.01547	5
2487.86361	6
2488.71177	6
2489.55996	8
2490.40817	6
2491.2564	1
2492.10466	4
2492.95294	2
2493.80125	3
2494.64958	2
2495.49793	2
2496.3463	1
2497.1947	2
2498.04312	6
2498.89157	3
2499.74004	9
2500.58853	7
2501.43705	5
2502.28559	3
2503.13416	2
2503.98274	7
2504.83135	0
2505.67999	4
2506.52865	10
2507.37733	6
2508.22603	7
2509.07476	6
2509.92352	4
2510.77229	9
2511.62109	2
2512.46991	6
2513.31876	4
2514.16763	4
2515.01653	2
2515.86544	1
2516.71438	1
2517.56335	3
2518.41234	2
2519.26135	3
2520.11038	2
2520.95944	8
2521.80852	1
2522.65763	2
2523.50676	10
2524.35591	6
2525.20509	6
2526.05429	3
2526.90351	5
2527.75276	5
2528.60203	6
2529.45132	1
2530.30064	2
2531.14998	3
2531.99935	7
2532.84874	4
2533.69815	7
2534.54758	3
2535.39704	2
2536.24653	4
2537.09603	8
2537.94556	4
2538.79512	5
2539.64469	8
2540.49429	3
2541.34392	4
2542.19357	7
2543.04324	4
2543.89293	2
2544.74265	5
2545.59239	7
2546.44216	10
2547.29195	5
2548.14176	2
2548.9916	4
2549.84146	2
2550.69134	1
2551.54125	6
2552.39118	8
2553.24113	4
2554.09111	4
2554.94111	5
2555.79113	6
2556.64118	4
2557.49125	5
2558.34135	3
2559.19147	4
2560.04161	2
2560.89177	3
2561.74196	7
2562.59218	3
2563.44241	6
2564.29267	4
2565.14296	7
2565.99327	3
2566.8436	8
2567.69395	7
2568.54433	8
2569.39473	4
2570.24516	9
2571.0956	9
2571.94608	5
2572.79657	4
2573.64709	1
2574.49763	2
2575.3482	8
2576.19879	10
2577.0494	10
2577.90004	12
2578.7507	26
2579.60139	50
2580.45209	60
2581.30282	102
2582.15358	154
2583.00436	204
2583.85516	296
2584.70599	355
2585.55683	343
2586.40771	407
2587.2586	393
2588.10952	373
2588.96047	277
2589.81143	244
2590.66242	162
2591.51344	125
2592.36448	88
2593.21554	43
2594.06662	22
2594.91773	9
2595.76886	5
2596.62002	0
2597.4712	1
2598.3224	1
2599.17362	2
2600.02487	0
2600.87615	1
2601.72744	2
2602.57876	0
2603.43011	2
2604.28148	0
2605.13287	0
2605.98428	0
2606.83572	1
2607.68718	1
2608.53867	0
2609.39017	0
2610.24171	0
2611.09326	1
2611.94484	1
2612.79645	1
2613.64807	0
2614.49972	0
2615.3514	0
2616.20309	1
2617.05481	0
2617.90656	0
2618.75833	0
2619.61012	1
2620.46193	0
2621.31377	0
2622.16563	0
2623.01752	0
2623.86943	0
2624.72136	0
2625.57332	1
2626.4253	2
2627.2773	0
2628.12933	0
2628.98138	0
2629.83345	0
2630.68555	0
2631.53767	0
2632.38982	0
2633.24198	1
2634.09418	0
2634.94639	0
2635.79863	0
2636.65089	0
2637.50318	2
2638.35549	0
2639.20782	0
2640.06018	0
2640.91256	0
2641.76496	0
2642.61739	0
2643.46984	0
2644.32232	0
2645.17481	0
2646.02734	0
2646.87988	0
2647.73245	0
2648.58504	0
2649.43766	0
2650.2903	0
2651.14296	0
2651.99565	0
2652.84836	0
2653.70109	0
2654.55385	2
2655.40663	0
2656.25943	0
2657.11226	0
2657.96511	1
2658.81799	1
2659.67089	0
2660.52381	0
2661.37676	0
2662.22972	0
2663.08272	0
2663.93573	0
2664.78877	1
2665.64184	1
2666.49492	0
2667.34804	0
2668.20117	1
2669.05433	2
2669.90751	0
2670.76071	0
2671.61394	0
2672.46719	1
2673.32047	2
2674.17377	0
2675.02709	0
2675.88044	0
2676.73381	0
2677.5872	0
2678.44062	0
2679.29406	0
2680.14752	0
2681.00101	0
2681.85452	0
2682.70806	1
2683.56161	0
2684.4152	0
2685.2688	1
2686.12243	0
2686.97608	0
2687.82976	0
2688.68346	0
2689.53718	0
2690.39093	2
2691.2447	0
2692.09849	0
2692.95231	0
2693.80615	0
2694.66002	1
2695.5139	0
2696.36782	0
2697.22175	0
2698.07571	1
2698.92969	0
2699.7837	0
2700.63773	0
2701.49178	0
2702.34586	0
2703.19996	0
2704.05408	0
2704.90823	0
2705.7624	0
2706.61659	0
2707.47081	1
2708.32505	0
2709.17932	0
2710.03361	0
2710.88792	0
2711.74225	0
2712.59661	0
2713.451	0
2714.3054	0
2715.15983	0
2716.01428	2
2716.86876	0
2717.72326	0
2718.57779	0
2719.43233	0
2720.28691	0
2721.1415	0
2721.99612	0
2722.85076	0
2723.70543	1
2724.56012	1
2725.41483	0
2726.26956	0
2727.12432	1
2727.97911	0
2728.83391	1
2729.68874	0
2730.5436	0
2731.39848	0
2732.25338	1
2733.1083	0
2733.96325	0
2734.81822	1
2735.67322	0
2736.52824	0
2737.38328	1
2738.23834	0
2739.09343	0
2739.94855	2
2740.80368	0
2741.65884	0
2742.51403	1
2743.36923	0
2744.22447	0
2745.07972	0
2745.935	1
2746.7903	1
2747.64562	2
2748.50097	0
2749.35634	1
2750.21174	0
2751.06716	0
2751.9226	1
2752.77807	0
2753.63356	0
2754.48907	0
2755.34461	0
2756.20017	1
2757.05576	0
2757.91136	0
2758.76699	0
2759.62265	0
2760.47833	0
2761.33403	0
2762.18976	1
2763.0455	0
2763.90128	1
2764.75707	0
2765.61289	0
2766.46874	0
2767.3246	0
2768.18049	1
2769.03641	0
2769.89235	0
2770.74831	0
2771.60429	0
2772.4603	0
2773.31633	0
2774.17239	1
2775.02847	1
2775.88457	0
2776.74069	0
2777.59684	0
2778.45302	0
2779.30921	0
2780.16543	0
2781.02168	0
2781.87795	1
2782.73424	1
2783.59055	0
2784.44689	0
2785.30325	0
2786.15964	0
2787.01604	0
2787.87248	0
2788.72893	0
2789.58541	1
2790.44192	0
2791.29844	0
2792.15499	0
2793.01157	0
2793.86816	1
2794.72478	0
2795.58143	1
2796.4381	0
2797.29479	1
2798.1515	0
2799.00824	0
2799.865	0
2800.72179	1
2801.5786	1
2802.43543	0
2803.29229	0
2804.14917	1
2805.00607	0
2805.863	0
2806.71995	1
2807.57692	0
2808.43392	0
2809.29094	0
2810.14799	0
2811.00505	0
2811.86215	0
2812.71926	1
2813.5764	0
2814.43356	0
2815.29075	0
2816.14796	0
2817.00519	1
2817.86245	3
2818.71973	0
2819.57703	0
2820.43436	0
2821.29171	0
2822.14909	0
2823.00649	0
2823.86391	0
2824.72135	0
2825.57882	1
2826.43631	0
2827.29383	0
2828.15137	0
2829.00893	0
2829.86652	2
2830.72413	0
2831.58176	0
2832.43942	1
2833.2971	0
2834.15481	1
2835.01253	1
2835.87029	0
2836.72806	1
2837.58586	0
2838.44368	0
2839.30153	1
2840.1594	3
2841.01729	0
2841.87521	1
2842.73315	0
2843.59111	0
2844.4491	1
2845.30711	0
2846.16514	0
2847.0232	0
2847.88128	1
2848.73939	0
2849.59751	0
2850.45567	0
2851.31384	1
2852.17204	0
2853.03026	0
2853.88851	0
2854.74678	0
2855.60507	0
2856.46339	0
2857.32173	0
2858.18009	0
2859.03848	0
2859.89689	0
2860.75533	0
2861.61379	0
2862.47227	1
2863.33077	1
2864.1893	0
2865.04786	1
2865.90643	0
2866.76503	0
2867.62365	0
2868.4823	0
2869.34097	0
2870.19966	0
2871.05838	0
2871.91712	0
2872.77589	0
2873.63468	1
2874.49349	0
2875.35232	1
2876.21118	0
2877.07006	1
2877.92897	1
2878.7879	0
2879.64685	0
2880.50583	0
2881.36483	0
2882.22385	0
2883.0829	0
2883.94197	0
2884.80106	0
2885.66018	0
2886.51932	0
2887.37849	0
2888.23768	0
2889.09689	0
2889.95613	0
2890.81539	0
2891.67467	1
2892.53397	1
2893.3933	1
2894.25266	0
2895.11203	0
2895.97144	0
2896.83086	0
2897.69031	0
2898.54978	1
2899.40927	0
2900.26879	0
2901.12833	1
2901.9879	0
2902.84749	1
2903.7071	1
2904.56674	0
2905.4264	0
2906.28608	0
2907.14579	0
2908.00552	0
2908.86527	0
2909.72505	1
2910.58485	0
2911.44467	0
2912.30452	1
2913.16439	0
2914.02429	0
2914.88421	0
2915.74415	2
2916.60412	0
2917.46411	1
2918.32412	0
2919.18416	0
2920.04422	0
2920.9043	0
2921.76441	0
2922.62454	0
2923.48469	0
2924.34487	0
2925.20507	0
2926.0653	0
2926.92555	0
2927.78582	0
2928.64611	0
2929.50643	0
2930.36678	0
2931.22714	0
2932.08753	0
2932.94795	0
2933.80838	0
2934.66884	0
2935.52933	0
2936.38984	0
2937.25037	0
2938.11092	0
2938.9715	2
2939.8321	0
2940.69273	1
2941.55338	0
2942.41405	1
2943.27475	0
2944.13547	1
2944.99621	0
2945.85698	0
2946.71777	0
2947.57858	0
2948.43942	0
2949.30028	2
2950.16117	0
2951.02207	1
2951.88301	0
2952.74396	0
2953.60494	1
2954.46594	0
2955.32697	0
2956.18802	0
2957.04909	0
2957.91019	0
2958.77131	0
2959.63245	0
2960.49362	0
2961.35481	0
2962.21603	1
2963.07726	1
2963.93853	0
2964.79981	1
2965.66112	0
2966.52245	0
2967.38381	1
2968.24519	0
2969.10659	1
2969.96802	0
2970.82947	1
2971.69094	0
2972.55244	0
2973.41396	0
2974.2755	0
2975.13707	0
2975.99866	0
2976.86028	0
2977.72192	0
2978.58358	0
2979.44526	0
2980.30697	1
2981.16871	1
2982.03046	0
2982.89224	0
2983.75405	0
2984.61587	1
2985.47772	0
2986.3396	0
2987.2015	0
2988.06342	0
2988.92536	0
2989.78733	0
2990.64932	0
2991.51134	0
2992.37338	0
2993.23544	0
2994.09753	0
2994.95963	1
2995.82177	1
2996.68393	0
2997.54611	0
2998.40831	1
2999.27054	0
3000.13279	0
3000.99506	0
3001.85736	0
3002.71968	0
3003.58203	0
3004.4444	0
3005.30679	0
3006.16921	0
3007.03165	0
3007.89411	0
3008.75659	0
3009.61911	1
3010.48164	0
3011.3442	0
3012.20678	0
3013.06938	0
3013.93201	0
3014.79466	0
3015.65734	0
3016.52004	0
3017.38276	0
3018.2455	2
3019.10827	0
3019.97107	0
3020.83388	0
3021.69672	0
3022.55959	0
3023.42247	0
3024.28538	0
3025.14832	0
3026.01128	0
3026.87426	0
3027.73726	0
3028.60029	0
3029.46334	0
3030.32642	0
3031.18952	0
3032.05264	0
3032.91579	0
3033.77896	0
3034.64215	0
3035.50537	0
3036.36861	1
3037.23187	0
3038.09516	0
3038.95847	0
3039.8218	0
3040.68516	0
3041.54854	2
3042.41195	0
3043.27538	0
3044.13883	0
3045.00231	0
3045.86581	0
3046.72933	0
3047.59288	0
3048.45645	0
3049.32004	0
3050.18366	0
3051.0473	0
3051.91096	1
3052.77465	0
3053.63836	0
3054.5021	0
3055.36586	0
3056.22964	0
3057.09345	0
3057.95728	1
3058.82113	1
3059.68501	1
3060.54891	0
3061.41283	0
3062.27678	0
3063.14075	0
3064.00474	0
3064.86876	0
3065.7328	0
3066.59687	0
3067.46096	1
3068.32507	0
3069.1892	0
3070.05336	1
3070.91755	1
3071.78175	0
3072.64598	0
3073.51024	0
3074.37451	0
3075.23881	0
3076.10314	0
3076.96748	0
3077.83186	0
3078.69625	0
3079.56067	0
3080.42511	1
3081.28958	1
3082.15407	0
3083.01858	0
3083.88311	0
3084.74767	0
3085.61226	1
3086.47686	0
3087.3415	0
3088.20615	0
3089.07083	0
3089.93553	0
3090.80025	1
3091.665	0
3092.52977	0
3093.39457	0
3094.25939	0
3095.12423	1
3095.9891	0
3096.85398	0
3097.7189	1
3098.58383	0
3099.44879	0
3100.31378	0
3101.17879	1
3102.04382	0
3102.90887	0
3103.77395	0
3104.63905	1
3105.50418	0
3106.36932	1
3107.2345	0
3108.09969	0
3108.96491	0
3109.83016	0
3110.69542	0
3111.56071	0
3112.42603	0
3113.29136	0
3114.15672	0
3115.02211	0
3115.88752	0
3116.75295	1
3117.6184	1
3118.48388	0
3119.34938	0
3120.21491	0
3121.08046	0
3121.94603	0
3122.81163	0
3123.67725	0
3124.54289	0
3125.40856	0
3126.27425	0
3127.13996	0
3128.0057	0
3128.87146	0
3129.73724	0
3130.60305	1
3131.46888	1
3132.33474	0
3133.20062	1
3134.06652	1
3134.93245	0
3135.7984	1
3136.66437	0
3137.53037	0
3138.39639	0
3139.26243	0
3140.1285	1
3140.99459	0
3141.8607	1
3142.72684	0
3143.593	0
3144.45919	1
3145.3254	0
3146.19163	0
3147.05789	0
3147.92417	0
3148.79047	0
3149.6568	0
3150.52315	0
3151.38952	0
3152.25592	2
3153.12234	0
3153.98878	0
3154.85525	1
3155.72174	0
3156.58826	0
3157.4548	0
3158.32136	1
3159.18794	0
3160.05455	1
3160.92119	0
3161.78784	0
3162.65452	1
3163.52123	1
3164.38795	0
3165.2547	0
3166.12148	0
3166.98828	0
3167.8551	0
3168.72194	0
3169.58881	0
3170.4557	0
3171.32262	0
3172.18956	1
3173.05652	0
3173.92351	0
3174.79052	0
3175.65755	0
3176.52461	1
3177.39169	0
3178.25879	0
3179.12592	1
3179.99307	0
3180.86024	0
3181.72744	0
3182.59466	0
3183.46191	1
3184.32918	0
3185.19647	0
3186.06379	0
3186.93113	0
3187.79849	0
3188.66588	0
3189.53329	0
3190.40072	0
3191.26818	0
3192.13566	0
3193.00316	0
3193.87069	0
3194.73824	0
3195.60582	0
3196.47342	0
3197.34104	1
3198.20868	0
3199.07635	0
3199.94405	1
3200.81176	0
3201.6795	0
3202.54727	0
3203.41505	0
3204.28286	0
3205.1507	0
3206.01856	0
3206.88644	0
3207.75434	0
3208.62227	0
3209.49022	0
3210.3582	0
3211.2262	0
3212.09422	3
3212.96227	0
3213.83034	0
3214.69843	0
3215.56655	0
3216.43469	0
3217.30285	0
3218.17104	0
3219.03925	0
3219.90749	0
3220.77574	0
3221.64403	0
3222.51233	0
3223.38066	0
3224.24901	0
3225.11739	0
3225.98579	0
3226.85421	0
3227.72266	1
3228.59113	1
3229.45962	0
3230.32814	0
3231.19668	0
3232.06525	0
3232.93383	0
3233.80245	0
3234.67108	0
3235.53974	0
3236.40842	0
3237.27713	0
3238.14586	1
3239.01461	0
3239.88339	0
3240.75219	0
3241.62101	0
3242.48986	0
3243.35873	0
3244.22762	0
3245.09654	0
3245.96548	0
3246.83445	0
3247.70344	1
3248.57245	1
3249.44149	0
3250.31054	0
3251.17963	0
3252.04873	0
3252.91786	0
3253.78702	0
3254.65619	1
3255.52539	0
3256.39462	0
3257.26387	0
3258.13314	0
3259.00243	0
3259.87175	0
3260.74109	0
3261.61046	0
3262.47985	0
3263.34926	0
3264.2187	1
3265.08816	0
3265.95764	0
3266.82715	0
3267.69668	0
3268.56623	0
3269.43581	0
3270.30541	0
3271.17504	1
3272.04468	0
3272.91436	0
3273.78405	0
3274.65377	0
3275.52351	1
3276.39328	0
3277.26307	0
3278.13288	0
3279.00272	0
3279.87258	0
3280.74246	0
3281.61237	1
3282.4823	0
3283.35225	0
3284.22223	0
3285.09223	0
3285.96226	1
3286.83231	0
3287.70238	0
3288.57248	0
3289.4426	1
3290.31274	0
3291.1829	1
3292.05309	1
3292.92331	1
3293.79355	0
3294.66381	0
3295.53409	0
3296.4044	0
3297.27473	0
3298.14508	1
3299.01546	2
3299.88587	1
3300.75629	0
3301.62674	0
3302.49721	0
3303.36771	0
3304.23823	0
3305.10877	0
3305.97934	0
3306.84993	0
3307.72054	0
3308.59118	0
3309.46184	0
3310.33253	0
3311.20324	0
3312.07397	0
3312.94472	1
3313.8155	1
3314.68631	0
3315.55713	0
3316.42798	0
3317.29885	0
3318.16975	1
3319.04067	0
3319.91162	0
3320.78258	0
3321.65357	0
3322.52459	0
3323.39563	0
3324.26669	0
3325.13777	1
3326.00888	0
3326.88002	0
3327.75117	0
3328.62235	0
3329.49355	0
3330.36478	0
3331.23603	0
3332.1073	0
3332.9786	0
3333.84992	0
3334.72127	0
3335.59263	0
3336.46403	0
3337.33544	0
3338.20688	0
3339.07834	0
3339.94983	1
3340.82134	0
3341.69287	0
3342.56443	0
3343.43601	0
3344.30761	0
3345.17924	1
3346.05089	0
3346.92256	0
3347.79426	0
3348.66598	0
3349.53773	0
3350.40949	0
3351.28129	0
3352.1531	0
3353.02494	0
3353.8968	0
3354.76869	0
3355.6406	0
3356.51253	0
3357.38449	1
3358.25647	0
3359.12847	0
3360.0005	0
3360.87255	1
3361.74463	0
3362.61673	0
3363.48885	0
3364.36099	0
3365.23316	0
3366.10535	0
3366.97757	0
3367.84981	0
3368.72207	0
3369.59436	0
3370.46667	0
3371.339	0
3372.21136	0
3373.08374	0
3373.95615	0
3374.82858	0
3375.70103	0
3376.5735	0
3377.446	0
3378.31852	0
3379.19107	0
3380.06364	0
3380.93623	0
