5.14045	0
5.9166	0
6.69277	0
7.46897	0
8.24518	0
9.02143	0
9.79769	0
10.57398	0
11.35029	0
12.12663	0
12.90299	0
13.67937	0
14.45578	0
15.23221	0
16.00866	0
16.78514	0
17.56164	0
18.33816	0
19.11471	0
19.89128	0
20.66788	0
21.44449	0
22.22114	0
22.9978	0
23.77449	0
24.5512	0
25.32794	0
26.1047	0
26.88148	0
27.65829	0
28.43512	0
29.21198	0
29.98885	0
30.76575	0
31.54268	0
32.31963	0
33.0966	0
33.87359	0
34.65061	0
35.42766	0
36.20472	0
36.98181	0
37.75893	0
38.53606	0
39.31322	0
40.09041	0
40.86761	0
41.64484	0
42.4221	0
43.19938	0
43.97668	0
44.754	0
45.53135	0
46.30873	0
47.08612	0
47.86354	0
48.64098	0
49.41845	0
50.19594	0
50.97345	0
51.75099	0
52.52855	0
53.30614	0
54.08374	0
54.86138	0
55.63903	0
56.41671	0
57.19441	0
57.97214	0
58.74989	0
59.52766	0
60.30546	0
61.08328	0
61.86112	0
62.63899	0
63.41688	0
64.19479	0
64.97273	23
65.75069	490
66.52867	2915
67.30668	4153
68.08472	4223
68.86277	4248
69.64085	4768
70.41895	5098
71.19708	5585
71.97523	5899
72.7534	6204
73.5316	5980
74.30982	5550
75.08806	4788
75.86633	4404
76.64462	4116
77.42294	4193
78.20127	4238
78.97964	4194
79.75802	4296
80.53643	4414
81.31486	4615
82.09332	5048
82.8718	5532
83.6503	5469
84.42883	5098
85.20738	4752
85.98595	4656
86.76455	4529
87.54317	4328
88.32182	4197
89.10048	4360
89.87917	4231
90.65789	4267
91.43663	4296
92.21539	4263
92.99418	4341
93.77299	4263
94.55182	4284
95.33068	4204
96.10956	4306
96.88846	4193
97.66739	4299
98.44634	4271
99.22531	4297
100.00431	4206
100.78333	4174
101.56238	4311
102.34144	4235
103.12054	4227
103.89965	4269
104.67879	4262
105.45795	4220
106.23714	4259
107.01635	4393
107.79558	4252
108.57484	4326
109.35412	4250
110.13342	4251
110.91275	4226
111.6921	4316
112.47148	4295
113.25088	4226
114.0303	4313
114.80974	4213
115.58921	4264
116.36871	4260
117.14822	4260
117.92776	4245
118.70732	4303
119.48691	4315
120.26652	4304
121.04616	4273
121.82581	4188
122.60549	4327
123.3852	4485
124.16493	4323
124.94468	4254
125.72445	4210
126.50425	4328
127.28407	4365
128.06392	4140
128.84379	4266
129.62368	4346
130.4036	4240
131.18354	4284
131.9635	4216
132.74349	4136
133.5235	4142
134.30354	4227
135.08359	4193
135.86368	4271
136.64378	4179
137.42391	4074
138.20406	4117
138.98424	4228
139.76444	4030
140.54466	4227
141.32491	4218
142.10518	4239
142.88547	4040
143.66579	4117
144.44613	4084
145.22649	4141
146.00688	4132
146.78729	4099
147.56772	4055
148.34818	4044
149.12866	4046
149.90917	4063
150.6897	4023
151.47025	4073
152.25083	3986
153.03143	4131
153.81205	3988
154.5927	4085
155.37337	3962
156.15406	4020
156.93478	3958
157.71552	4044
158.49629	4061
159.27707	3905
160.05789	3958
160.83872	4038
161.61958	3961
162.40046	3947
163.18137	3952
163.9623	3907
164.74325	4017
165.52423	4135
166.30523	3961
167.08625	3995
167.8673	3966
168.64837	4028
169.42946	4021
170.21058	3885
170.99172	4013
171.77289	3968
172.55408	3962
173.33529	3982
174.11653	3993
174.89779	4055
175.67907	3907
176.46038	4035
177.24171	4048
178.02306	4000
178.80444	4170
179.58584	4006
180.36726	4151
181.14871	4146
181.93018	4292
182.71168	4315
183.49319	4579
184.27474	4576
185.0563	4684
185.83789	4735
186.6195	4651
187.40114	4829
188.1828	4702
188.96448	4664
189.74619	4737
190.52792	4501
191.30967	4746
192.09145	4821
192.87325	4628
193.65508	4846
194.43693	4856
195.2188	4843
196.00069	4711
196.78261	4696
197.56456	4618
198.34652	4587
199.12851	4564
199.91052	4591
200.69256	4657
201.47462	4650
202.25671	4482
203.03881	4623
203.82094	4753
204.6031	4511
205.38528	4534
206.16748	4506
206.9497	4605
207.73195	4531
208.51422	4446
209.29652	4459
210.07884	4322
210.86118	4335
211.64355	4339
212.42594	4188
213.20835	4278
213.99079	4239
214.77325	4307
215.55574	4160
216.33824	4259
217.12078	4310
217.90333	4102
218.68591	4120
219.46851	4010
220.25114	4008
221.03379	3969
221.81646	3851
222.59916	3958
223.38188	3836
224.16462	3856
224.94739	3913
225.73018	3933
226.51299	3832
227.29583	3852
228.07869	3738
228.86158	3757
229.64448	3735
230.42742	3689
231.21037	3704
231.99335	3711
232.77635	3647
233.55938	3663
234.34243	3767
235.1255	3814
235.9086	4138
236.69172	4209
237.47486	4185
238.25803	3989
239.04122	3744
239.82444	3730
240.60768	3680
241.39094	3536
242.17422	3522
242.95753	3429
243.74086	3533
244.52422	3475
245.3076	3490
246.091	3584
246.87443	3482
247.65788	3446
248.44135	3373
249.22485	3351
250.00837	3438
250.79192	3505
251.57548	3366
252.35908	3403
253.14269	3368
253.92633	3309
254.70999	3367
255.49368	3287
256.27739	3351
257.06112	3201
257.84488	3333
258.62866	3342
259.41246	3398
260.19629	3283
260.98014	3312
261.76401	3325
262.54791	3226
263.33183	3305
264.11578	3215
264.89974	3266
265.68374	3358
266.46775	3256
267.25179	3346
268.03585	3313
268.81994	3308
269.60405	3274
270.38818	3294
271.17234	3282
271.95652	3190
272.74073	3183
273.52495	3193
274.3092	3144
275.09348	3285
275.87778	3305
276.6621	3157
277.44645	3150
278.23081	3177
279.01521	3207
279.79962	3197
280.58406	3144
281.36853	3196
282.15301	3290
282.93752	3114
283.72206	3195
284.50661	3177
285.2912	3209
286.0758	3285
286.86043	3112
287.64508	3092
288.42976	3281
289.21445	3186
289.99918	3190
290.78392	3178
291.56869	3204
292.35348	3113
293.1383	3196
293.92314	3221
294.70801	3218
295.49289	3209
296.2778	3070
297.06274	3174
297.8477	3057
298.63268	3265
299.41768	3104
300.20271	3052
300.98776	3144
301.77284	2995
302.55794	3121
303.34306	3053
304.12821	3077
304.91338	2975
305.69857	3082
306.48379	3091
307.26903	2921
308.05429	3000
308.83958	3064
309.62489	3098
310.41023	2891
311.19559	3075
311.98097	3097
312.76637	3039
313.5518	3071
314.33725	3101
315.12273	2954
315.90823	3065
316.69375	3018
317.4793	2932
318.26487	3039
319.05047	3060
319.83608	3063
320.62172	3015
321.40739	3074
322.19308	2903
322.97879	3092
323.76452	3008
324.55028	3025
325.33607	3059
326.12187	3002
326.9077	3045
327.69355	3115
328.47943	3052
329.26533	2963
330.05126	3052
330.8372	2996
331.62317	3060
332.40917	2964
333.19519	2986
333.98123	2998
334.76729	3079
335.55338	3142
336.33949	3184
337.12563	3139
337.91179	3080
338.69797	3049
339.48418	3037
340.27041	2985
341.05666	2969
341.84294	3061
342.62924	2946
343.41556	2989
344.20191	2956
344.98828	3007
345.77468	3002
346.5611	3002
347.34754	2999
348.13401	2997
348.92049	3126
349.70701	3205
350.49354	3271
351.2801	3160
352.06669	2910
352.85329	2933
353.63992	3063
354.42658	2965
355.21326	2997
355.99996	3041
356.78668	2942
357.57343	2963
358.3602	2940
359.147	2812
359.93382	3000
360.72066	2874
361.50753	2967
362.29442	3022
363.08133	2929
363.86827	2957
364.65523	2937
365.44221	2972
366.22922	3004
367.01625	2970
367.8033	3015
368.59038	2886
369.37748	2945
370.16461	2963
370.95176	2959
371.73893	2868
372.52612	2962
373.31334	2990
374.10059	2961
374.88785	2988
375.67514	2976
376.46246	2951
377.2498	2969
378.03716	2972
378.82454	3002
379.61195	3023
380.39938	2983
381.18684	2952
381.97431	2972
382.76182	3038
383.54934	3034
384.33689	2988
385.12446	2987
385.91206	3090
386.69968	3054
387.48732	3081
388.27499	3104
389.06268	3138
389.8504	3058
390.63813	3112
391.42589	3103
392.21368	3042
393.00149	3055
393.78932	3070
394.57718	3120
395.36506	3101
396.15296	3160
396.94088	3119
397.72883	3068
398.51681	3182
399.3048	3118
400.09282	3053
400.88087	3198
401.66894	3096
402.45703	3095
403.24514	3155
404.03328	3105
404.82144	3123
405.60963	3214
406.39784	3173
407.18607	3334
407.97432	3283
408.7626	3222
409.55091	3126
410.33923	3261
411.12758	3159
411.91596	3212
412.70436	3339
413.49278	3256
414.28122	3234
415.06969	3174
415.85818	3272
416.6467	3246
417.43523	3216
418.2238	3339
419.01238	3331
419.80099	3302
420.58963	3336
421.37828	3432
422.16696	3346
422.95567	3383
423.74439	3358
424.53314	3423
425.32192	3438
426.11072	3427
426.89954	3312
427.68838	3390
428.47725	3402
429.26614	3527
430.05506	3548
430.844	3532
431.63296	3478
432.42195	3577
433.21096	3635
433.99999	3418
434.78905	3569
435.57813	3529
436.36723	3774
437.15636	3593
437.94551	3680
438.73469	3587
439.52388	3637
440.31311	3688
441.10235	3682
441.89162	3663
442.68091	3714
443.47023	3739
444.25957	3704
445.04893	3668
445.83832	3669
446.62773	3771
447.41716	3787
448.20662	3734
448.9961	3791
449.78561	3754
450.57513	3914
451.36469	4067
452.15426	3844
452.94386	3900
453.73348	4000
454.52313	3957
455.3128	3983
456.10249	3938
456.89221	3943
457.68195	3932
458.47171	3934
459.2615	3935
460.05131	4057
460.84114	3980
461.631	4199
462.42088	3964
463.21079	4046
464.00072	4054
464.79067	4046
465.58065	4076
466.37065	3993
467.16067	3897
467.95071	4035
468.74078	4013
469.53088	3866
470.321	3957
471.11114	3753
471.9013	3642
472.69149	3711
473.4817	3491
474.27193	3327
475.06219	3368
475.85247	3166
476.64278	3040
477.43311	2880
478.22346	2897
479.01384	2754
479.80424	2621
480.59466	2608
481.38511	2495
482.17558	2418
482.96607	2417
483.75659	2362
484.54713	2433
485.3377	2382
486.12828	2270
486.9189	2281
487.70953	2168
488.50019	2250
489.29087	2119
490.08158	2128
490.87231	2141
491.66306	2112
492.45384	2141
493.24464	2125
494.03546	2063
494.82631	2099
495.61718	2039
496.40808	1912
497.19899	2064
497.98994	2040
498.7809	2014
499.57189	1884
500.3629	1884
501.15394	1916
501.945	1864
502.73608	1888
503.52719	1835
504.31832	1908
505.10947	1867
505.90065	1915
506.69185	1964
507.48307	2213
508.27432	2275
509.06559	2313
509.85689	2153
510.64821	2021
511.43955	1799
512.23091	1794
513.0223	1700
513.81372	1610
514.60515	1681
515.39661	1575
516.18809	1567
516.9796	1512
517.77113	1500
518.56269	1476
519.35426	1534
520.14587	1522
520.93749	1474
521.72914	1471
522.52081	1464
523.31251	1393
524.10423	1406
524.89597	1374
525.68773	1407
526.47952	1378
527.27134	1428
528.06317	1315
528.85503	1363
529.64692	1356
530.43883	1262
531.23076	1338
532.02271	1285
532.81469	1315
533.60669	1230
534.39872	1181
535.19077	1233
535.98284	1196
536.77493	1189
537.56705	1230
538.3592	1136
539.15136	1159
539.94355	1095
540.73577	1155
541.528	1096
542.32027	1062
543.11255	1114
543.90486	1088
544.69719	1103
545.48954	1080
546.28192	1034
547.07433	1104
547.86675	1052
548.6592	990
549.45167	932
550.24417	931
551.03669	914
551.82923	907
552.6218	962
553.41439	944
554.20701	956
554.99964	918
555.7923	860
556.58499	886
557.3777	898
558.17043	954
558.96319	869
559.75596	852
560.54877	882
561.34159	852
562.13444	898
562.92732	887
563.72021	797
564.51313	803
565.30608	777
566.09905	816
566.89204	841
567.68505	832
568.47809	875
569.27115	808
570.06424	837
570.85735	802
571.65048	806
572.44363	785
573.23681	774
574.03002	777
574.82324	831
575.61649	801
576.40977	792
577.20307	833
577.99639	879
578.78973	1006
579.5831	1200
580.37649	1357
581.16991	1222
581.96335	1036
582.75681	923
583.55029	801
584.3438	730
585.13734	769
585.93089	781
586.72447	775
587.51808	732
588.3117	721
589.10535	745
589.89903	726
590.69273	742
591.48645	733
592.28019	711
593.07396	749
593.86775	713
594.66157	690
595.45541	729
596.24927	695
597.04316	728
597.83707	699
598.631	704
599.42496	696
600.21894	689
601.01294	716
601.80697	705
602.60102	740
603.3951	738
604.18919	796
604.98332	840
605.77746	1006
606.57163	1014
607.36582	991
608.16004	870
608.95428	728
609.74854	676
610.54283	713
611.33714	675
612.13147	635
612.92583	696
613.72021	731
614.51462	724
615.30905	711
616.1035	650
616.89797	664
617.69247	683
618.48699	689
619.28154	671
620.07611	750
620.8707	670
621.66532	699
622.45996	686
623.25462	677
624.04931	673
624.84402	675
625.63876	678
626.43351	690
627.2283	706
628.0231	688
628.81793	697
629.61278	687
630.40766	725
631.20256	668
631.99748	691
632.79243	693
633.5874	687
634.38239	655
635.17741	707
635.97245	667
636.76751	724
637.5626	752
638.35771	694
639.15285	635
639.948	650
640.74319	677
641.53839	697
642.33362	739
643.12887	683
643.92415	726
644.71945	669
645.51477	735
646.31012	727
647.10549	709
647.90088	793
648.6963	717
649.49174	744
650.28721	766
651.0827	775
651.87821	818
652.67374	870
653.4693	1079
654.26489	2487
655.06049	8977
655.85612	27387
656.65177	62876
657.44745	105131
658.24315	129124
659.03888	116723
659.83462	78460
660.63039	37769
661.42619	13170
662.22201	3448
663.01785	776
663.81371	302
664.6096	270
665.40551	271
666.20145	264
666.99741	271
667.79339	230
668.5894	248
669.38543	239
670.18148	221
670.97756	256
671.77366	254
672.56979	245
673.36593	230
674.1621	236
674.9583	257
675.75452	239
676.55076	231
677.34703	228
678.14332	238
678.93963	216
679.73596	185
680.53232	253
681.32871	208
682.12511	229
682.92155	250
683.718	198
684.51448	239
685.31098	258
686.1075	229
686.90405	241
687.70062	250
688.49722	233
689.29384	228
690.09048	213
690.88715	229
691.68384	241
692.48055	239
693.27729	196
694.07405	245
694.87083	253
695.66764	206
696.46447	227
697.26132	232
698.0582	222
698.8551	216
699.65203	202
700.44898	224
701.24595	207
702.04295	221
702.83997	232
703.63701	216
704.43408	236
705.23117	221
706.02828	226
706.82542	211
707.62258	213
708.41976	214
709.21697	205
710.0142	222
710.81146	208
711.60874	199
712.40604	214
713.20336	205
714.00071	224
714.79809	241
715.59548	214
716.3929	206
717.19035	199
717.98781	217
718.78531	213
719.58282	238
720.38036	211
721.17792	240
721.9755	289
722.77311	299
723.57074	379
724.3684	343
725.16608	316
725.96378	254
726.76151	219
727.55926	204
728.35703	225
729.15483	238
729.95265	210
730.75049	224
731.54836	194
732.34625	214
733.14417	193
733.9421	191
734.74007	210
735.53805	209
736.33606	194
737.13409	232
737.93215	193
738.73023	217
739.52833	225
740.32646	188
741.12461	202
741.92278	190
742.72098	205
743.5192	201
744.31745	210
745.11571	238
745.91401	191
746.71232	201
747.51066	209
748.30902	204
749.10741	197
749.90582	239
750.70425	213
751.50271	226
752.30119	191
753.09969	205
753.89822	195
754.69677	199
755.49534	209
756.29394	189
757.09256	217
757.89121	200
758.68988	211
759.48857	218
760.28728	218
761.08602	186
761.88479	225
762.68357	210
763.48238	231
764.28122	213
765.08007	241
765.87895	246
766.67786	201
767.47679	186
768.27574	202
769.07471	219
769.87371	207
770.67273	197
771.47178	196
772.27085	193
773.06994	172
773.86906	189
774.6682	182
775.46736	162
776.26655	178
777.06576	187
777.86499	164
778.66425	169
779.46353	212
780.26283	194
781.06216	216
781.86151	206
782.66089	227
783.46029	195
784.25971	198
785.05916	181
785.85863	174
786.65812	192
787.45764	204
788.25718	216
789.05674	204
789.85633	238
790.65594	275
791.45557	222
792.25523	220
793.05491	204
793.85462	164
794.65435	181
795.4541	175
796.25387	159
797.05367	213
797.8535	180
798.65334	151
799.45321	166
800.25311	168
801.05302	195
801.85296	197
802.65293	187
803.45292	174
804.25293	170
805.05296	184
805.85302	160
806.6531	194
807.45321	165
808.25334	177
809.05349	172
809.85367	172
810.65387	147
811.45409	176
812.25434	189
813.05461	180
813.8549	171
814.65522	172
815.45556	154
816.25593	155
817.05631	154
817.85673	183
818.65716	162
819.45762	172
820.2581	157
821.05861	180
821.85914	186
822.65969	168
823.46027	186
824.26087	152
825.06149	183
825.86214	181
826.66281	165
827.46351	150
828.26422	176
829.06496	186
829.86573	221
830.66652	182
831.46733	184
832.26817	176
833.06903	179
833.86991	178
834.67082	185
835.47175	162
836.2727	176
837.07368	180
837.87468	134
838.6757	164
839.47675	155
840.27782	180
841.07892	155
841.88004	167
842.68118	153
843.48234	160
844.28353	153
845.08475	171
845.88598	146
846.68724	151
847.48853	156
848.28983	175
849.09116	166
849.89252	141
850.6939	164
851.4953	166
852.29672	170
853.09817	173
853.89964	210
854.70114	217
855.50266	211
856.3042	240
857.10577	192
857.90735	193
858.70897	173
859.51061	147
860.31227	154
861.11395	176
861.91566	147
862.71739	157
863.51914	176
864.32092	136
865.12272	170
865.92455	139
866.7264	151
867.52827	154
868.33017	127
869.13209	153
869.93403	164
870.73599	149
871.53799	164
872.34	141
873.14204	173
873.9441	164
874.74618	181
875.54829	161
876.35042	159
877.15258	140
877.95476	151
878.75696	144
879.55918	165
880.36143	152
881.16371	148
881.966	160
882.76832	144
883.57067	155
884.37303	188
885.17542	149
885.97784	143
886.78028	148
887.58274	132
888.38522	133
889.18773	151
889.99026	146
890.79282	149
891.5954	160
892.398	138
893.20063	166
894.00328	159
894.80595	156
895.60865	154
896.41137	146
897.21411	183
898.01688	144
898.81967	162
899.62249	159
900.42532	136
901.22819	137
902.03107	184
902.83398	222
903.63691	304
904.43987	465
905.24285	593
906.04585	658
906.84888	564
907.65193	419
908.455	286
909.2581	184
910.06122	180
910.86437	149
911.66753	144
912.47073	144
913.27394	139
914.07718	135
914.88044	149
915.68373	142
916.48704	133
917.29037	155
918.09373	126
918.89711	152
919.70051	129
920.50394	137
921.30739	141
922.11086	142
922.91436	128
923.71788	147
924.52143	117
925.325	142
926.12859	132
926.9322	150
927.73584	157
928.53951	165
929.34319	159
930.1469	168
930.95064	158
931.75439	147
932.55817	156
933.36198	163
934.16581	114
934.96966	148
935.77353	134
936.57743	117
937.38135	139
938.1853	119
938.98927	126
939.79326	128
940.59728	140
941.40132	154
942.20538	147
943.00947	148
943.81358	162
944.61771	154
945.42187	140
946.22605	147
947.03025	152
947.83448	147
948.63873	146
949.44301	125
950.24731	144
951.05163	128
951.85598	144
952.66035	140
953.46474	131
954.26916	126
955.0736	135
955.87806	148
956.68255	177
957.48706	198
958.29159	211
959.09615	249
959.90073	249
960.70534	285
961.50997	355
962.31462	374
963.11929	424
963.92399	385
964.72872	311
965.53346	218
966.33823	158
967.14303	165
967.94784	118
968.75268	113
969.55755	121
970.36244	133
971.16735	129
971.97228	108
972.77724	120
973.58222	111
974.38723	133
975.19226	129
975.99731	138
976.80239	128
977.60749	125
978.41261	125
979.21776	128
980.02293	149
980.82812	141
981.63334	134
982.43858	122
983.24385	122
984.04913	136
984.85445	107
985.65978	147
986.46514	166
987.27052	142
988.07593	122
988.88136	126
989.68681	128
990.49229	109
991.29779	133
992.10331	135
992.90886	133
993.71443	125
994.52003	121
995.32565	146
996.13129	139
996.93695	111
997.74264	126
998.54835	122
999.35409	121
1000.15985	115
1000.96563	106
1001.77144	117
1002.57727	126
1003.38312	113
1004.189	118
1004.9949	131
1005.80082	111
1006.60677	141
1007.41274	107
1008.21874	123
1009.02476	108
1009.8308	132
1010.63687	120
1011.44296	130
1012.24907	131
1013.0552	132
1013.86136	127
1014.66755	126
1015.47375	112
1016.27999	107
1017.08624	119
1017.89252	136
1018.69882	117
1019.50514	119
1020.31149	129
1021.11786	121
1021.92426	116
1022.73068	107
1023.53712	120
1024.34359	112
1025.15008	108
1025.95659	120
1026.76313	122
1027.56969	117
1028.37627	101
1029.18288	123
1029.98951	111
1030.79617	106
1031.60284	108
1032.40955	130
1033.21627	133
1034.02302	131
1034.82979	121
1035.63659	117
1036.44341	128
1037.25025	119
1038.05712	121
1038.86401	106
1039.67092	106
1040.47786	138
1041.28482	112
1042.0918	126
1042.89881	126
1043.70584	140
1044.5129	117
1045.31998	137
1046.12708	120
1046.93421	124
1047.74136	114
1048.54853	127
1049.35573	135
1050.16295	134
1050.97019	133
1051.77746	128
1052.58475	110
1053.39206	113
1054.1994	113
1055.00676	108
1055.81415	90
1056.62155	140
1057.42899	104
1058.23644	106
1059.04392	115
1059.85142	112
1060.65895	117
1061.4665	125
1062.27407	102
1063.08167	118
1063.88929	123
1064.69694	129
1065.5046	117
1066.31229	132
1067.12001	103
1067.92775	135
1068.73551	120
1069.54329	122
1070.3511	119
1071.15894	148
1071.96679	136
1072.77467	135
1073.58258	123
1074.3905	113
1075.19845	133
1076.00643	116
1076.81442	120
1077.62244	115
1078.43049	127
1079.23856	106
1080.04665	126
1080.85476	114
1081.6629	132
1082.47107	114
1083.27925	125
1084.08746	132
1084.89569	106
1085.70395	140
1086.51223	127
1087.32053	141
1088.12886	119
1088.93721	135
1089.74559	120
1090.55399	125
1091.36241	119
1092.17085	125
1092.97932	117
1093.78781	109
1094.59633	125
1095.40487	101
1096.21343	110
1097.02202	122
1097.83063	119
1098.63926	113
1099.44792	115
1100.2566	100
1101.0653	113
1101.87403	136
1102.68278	111
1103.49156	118
1104.30036	110
1105.10918	126
1105.91802	129
1106.72689	114
1107.53578	109
1108.3447	117
1109.15364	137
1109.9626	148
1110.77159	183
1111.5806	196
1112.38964	226
1113.19869	209
1114.00777	182
1114.81688	191
1115.62601	176
1116.43516	136
1117.24433	106
1118.05353	106
1118.86276	117
1119.672	103
1120.48127	126
1121.29056	140
1122.09988	119
1122.90922	104
1123.71859	107
1124.52797	95
1125.33738	115
1126.14682	115
1126.95628	131
1127.76576	127
1128.57526	126
1129.38479	109
1130.19434	111
1131.00392	125
1131.81352	139
1132.62314	106
1133.43279	122
1134.24246	107
1135.05215	126
1135.86187	129
1136.67161	124
1137.48137	130
1138.29116	136
1139.10097	118
1139.91081	120
1140.72067	118
1141.53055	104
1142.34046	102
1143.15038	114
1143.96034	124
1144.77031	136
1145.58031	143
1146.39034	119
1147.20038	132
1148.01045	134
1148.82055	147
1149.63067	127
1150.44081	116
1151.25097	123
1152.06116	95
1152.87137	119
1153.68161	125
1154.49187	112
1155.30215	123
1156.11246	109
1156.92279	104
1157.73314	125
1158.54352	126
1159.35392	99
1160.16434	109
1160.97479	121
1161.78526	136
1162.59575	124
1163.40627	116
1164.21681	137
1165.02738	108
1165.83797	108
1166.64858	133
1167.45922	129
1168.26988	117
1169.08056	109
1169.89126	124
1170.702	117
1171.51275	121
1172.32353	108
1173.13433	129
1173.94515	131
1174.756	109
1175.56687	116
1176.37777	122
1177.18868	120
1177.99963	109
1178.81059	113
1179.62158	115
1180.43259	134
1181.24363	139
1182.05469	101
1182.86577	119
1183.67688	113
1184.48801	108
1185.29917	132
1186.11034	128
1186.92155	122
1187.73277	115
1188.54402	140
1189.35529	115
1190.16659	121
1190.97791	126
1191.78925	138
1192.60061	117
1193.412	141
1194.22342	111
1195.03486	114
1195.84632	145
1196.6578	157
1197.46931	126
1198.28084	104
1199.09239	138
1199.90397	129
1200.71557	112
1201.5272	115
1202.33885	124
1203.15052	124
1203.96222	119
1204.77394	129
1205.58568	143
1206.39745	150
1207.20924	112
1208.02105	121
1208.83289	142
1209.64475	125
1210.45663	131
1211.26854	128
1212.08047	151
1212.89243	127
1213.70441	124
1214.51641	105
1215.32843	131
1216.14048	160
1216.95256	122
1217.76465	118
1218.57677	148
1219.38892	126
1220.20108	118
1221.01327	112
1221.82549	147
1222.63773	133
1223.44999	138
1224.26227	102
1225.07458	129
1225.88691	135
1226.69927	147
1227.51165	152
1228.32405	152
1229.13648	171
1229.94893	159
1230.7614	165
1231.5739	142
1232.38642	115
1233.19896	127
1234.01153	114
1234.82412	109
1235.63674	113
1236.44938	123
1237.26204	107
1238.07472	99
1238.88743	100
1239.70016	107
1240.51292	121
1241.3257	92
1242.1385	107
1242.95133	122
1243.76418	111
1244.57705	106
1245.38995	116
1246.20287	99
1247.01582	110
1247.82879	97
1248.64178	106
1249.45479	90
1250.26783	91
1251.08089	140
1251.89398	84
1252.70709	109
1253.52022	91
1254.33338	88
1255.14656	103
1255.95976	99
1256.77299	101
1257.58624	91
1258.39952	93
1259.21281	96
1260.02614	91
1260.83948	70
1261.65285	93
1262.46624	75
1263.27966	109
1264.0931	85
1264.90656	81
1265.72005	91
1266.53356	75
1267.34709	95
1268.16065	90
1268.97423	108
1269.78783	94
1270.60146	99
1271.41511	93
1272.22879	110
1273.04248	101
1273.85621	79
1274.66995	105
1275.48372	92
1276.29751	89
1277.11133	99
1277.92517	88
1278.73903	91
1279.55292	82
1280.36683	89
1281.18076	67
1281.99472	107
1282.8087	93
1283.62271	97
1284.43674	80
1285.25079	87
1286.06486	89
1286.87896	78
1287.69309	85
1288.50723	103
1289.3214	83
1290.13559	73
1290.94981	83
1291.76405	94
1292.57832	88
1293.3926	91
1294.20691	84
1295.02125	72
1295.83561	77
1296.64999	91
1297.46439	76
1298.27882	90
1299.09327	86
1299.90775	63
1300.72225	88
1301.53677	79
1302.35132	90
1303.16589	76
1303.98048	88
1304.7951	79
1305.60974	82
1306.42441	74
1307.23909	76
1308.0538	68
1308.86854	81
1309.6833	81
1310.49808	70
1311.31289	80
1312.12772	69
1312.94257	73
1313.75744	64
1314.57234	67
1315.38727	70
1316.20221	66
1317.01719	87
1317.83218	75
1318.6472	69
1319.46224	61
1320.2773	90
1321.09239	86
1321.9075	84
1322.72264	65
1323.5378	75
1324.35298	75
1325.16819	69
1325.98342	57
1326.79867	73
1327.61395	61
1328.42925	71
1329.24457	54
1330.05992	46
1330.87529	61
1331.69068	62
1332.5061	59
1333.32154	68
1334.13701	66
1334.9525	64
1335.76801	56
1336.58355	79
1337.39911	52
1338.21469	56
1339.0303	57
1339.84593	59
1340.66158	72
1341.47726	61
1342.29296	50
1343.10868	57
1343.92443	51
1344.7402	59
1345.556	71
1346.37182	62
1347.18766	65
1348.00352	64
1348.81941	49
1349.63533	62
1350.45126	64
1351.26722	55
1352.08321	55
1352.89921	62
1353.71524	72
1354.5313	73
1355.34738	46
1356.16348	62
1356.9796	53
1357.79575	62
1358.61192	62
1359.42812	66
1360.24434	73
1361.06058	58
1361.87685	57
1362.69314	66
1363.50945	68
1364.32579	86
1365.14215	72
1365.95853	84
1366.77494	77
1367.59137	91
1368.40783	92
1369.2243	69
1370.04081	66
1370.85733	64
1371.67388	63
1372.49045	57
1373.30705	59
1374.12367	56
1374.94031	59
1375.75698	65
1376.57367	50
1377.39038	61
1378.20712	56
1379.02388	51
1379.84066	53
1380.65747	69
1381.4743	51
1382.29116	63
1383.10804	47
1383.92494	46
1384.74187	59
1385.55882	44
1386.37579	55
1387.19279	59
1388.00981	50
1388.82685	50
1389.64392	63
1390.46101	59
1391.27812	59
1392.09526	56
1392.91242	52
1393.72961	73
1394.54681	73
1395.36405	55
1396.1813	75
1396.99858	83
1397.81588	65
1398.63321	71
1399.45056	56
1400.26793	60
1401.08533	55
1401.90275	57
1402.7202	48
1403.53766	56
1404.35516	50
1405.17267	57
1405.99021	55
1406.80777	56
1407.62536	46
1408.44297	48
1409.2606	59
1410.07825	51
1410.89593	50
1411.71364	41
1412.53136	45
1413.34911	51
1414.16689	56
1414.98469	59
1415.80251	53
1416.62035	56
1417.43822	47
1418.25611	56
1419.07403	50
1419.89197	65
1420.70993	61
1421.52791	59
1422.34592	60
1423.16396	46
1423.98201	60
1424.80009	55
1425.6182	52
1426.43632	44
1427.25448	55
1428.07265	53
1428.89085	68
1429.70907	57
1430.52731	52
1431.34558	55
1432.16388	69
1432.98219	45
1433.80053	52
1434.61889	52
1435.43728	49
1436.25569	65
1437.07412	48
1437.89258	49
1438.71106	57
1439.52957	42
1440.34809	53
1441.16665	57
1441.98522	56
1442.80382	58
1443.62244	79
1444.44109	127
1445.25976	240
1446.07845	456
1446.89716	756
1447.7159	1100
1448.53467	1556
1449.35345	1706
1450.17227	1616
1450.9911	1276
1451.80996	917
1452.62884	673
1453.44774	367
1454.26667	214
1455.08562	118
1455.9046	46
1456.7236	40
1457.54262	27
1458.36167	36
1459.18074	23
1459.99983	35
1460.81895	40
1461.63809	27
1462.45725	42
1463.27644	26
1464.09565	34
1464.91488	41
1465.73414	29
1466.55342	42
1467.37273	30
1468.19206	27
1469.01141	33
1469.83078	38
1470.65018	28
1471.46961	32
1472.28905	33
1473.10852	24
1473.92802	38
1474.74753	35
1475.56708	29
1476.38664	32
1477.20623	27
1478.02584	28
1478.84547	28
1479.66513	36
1480.48482	35
1481.30452	28
1482.12425	46
1482.944	44
1483.76378	43
1484.58358	52
1485.4034	42
1486.22325	54
1487.04312	32
1487.86301	52
1488.68293	44
1489.50287	41
1490.32284	38
1491.14283	41
1491.96284	40
1492.78287	23
1493.60293	45
1494.42302	34
1495.24312	44
1496.06325	45
1496.88341	50
1497.70358	49
1498.52378	50
1499.34401	46
1500.16425	42
1500.98453	38
1501.80482	35
1502.62514	37
1503.44548	31
1504.26585	33
1505.08623	37
1505.90665	38
1506.72708	31
1507.54754	30
1508.36803	32
1509.18853	34
1510.00906	30
1510.82962	22
1511.65019	22
1512.47079	22
1513.29142	25
1514.11207	28
1514.93274	31
1515.75343	30
1516.57415	32
1517.39489	25
1518.21566	29
1519.03645	51
1519.85726	33
1520.6781	37
1521.49896	28
1522.31984	35
1523.14075	45
1523.96168	25
1524.78263	32
1525.60361	36
1526.42461	36
1527.24564	36
1528.06669	31
1528.88776	32
1529.70886	38
1530.52997	29
1531.35112	32
1532.17228	36
1532.99347	39
1533.81469	32
1534.63592	36
1535.45718	31
1536.27847	35
1537.09978	31
1537.92111	43
1538.74246	18
1539.56384	25
1540.38524	33
1541.20667	30
1542.02812	22
1542.84959	34
1543.67108	30
1544.4926	38
1545.31415	28
1546.13571	27
1546.9573	19
1547.77892	34
1548.60056	25
1549.42222	30
1550.2439	30
1551.06561	21
1551.88734	26
1552.7091	37
1553.53088	27
1554.35268	23
1555.1745	34
1555.99635	21
1556.81823	31
1557.64012	27
1558.46204	15
1559.28399	28
1560.10595	24
1560.92794	36
1561.74996	25
1562.572	24
1563.39406	27
1564.21614	29
1565.03825	41
1565.86038	44
1566.68254	40
1567.50472	41
1568.32692	38
1569.14915	33
1569.9714	39
1570.79367	39
1571.61597	43
1572.43829	44
1573.26063	74
1574.083	73
1574.90539	87
1575.72781	89
1576.55025	87
1577.37271	95
1578.19519	86
1579.0177	87
1579.84024	94
1580.66279	86
1581.48537	55
1582.30797	48
1583.1306	47
1583.95325	38
1584.77593	35
1585.59862	33
1586.42134	26
1587.24409	23
1588.06686	26
1588.88965	41
1589.71246	28
1590.5353	27
1591.35817	33
1592.18105	27
1593.00396	19
1593.82689	41
1594.64985	43
1595.47283	25
1596.29584	31
1597.11886	23
1597.94191	25
1598.76499	14
1599.58809	29
1600.41121	30
1601.23435	26
1602.05752	27
1602.88071	24
1603.70393	28
1604.52717	36
1605.35043	46
1606.17372	47
1606.99703	48
1607.82036	51
1608.64372	51
1609.4671	42
1610.2905	30
1611.11393	32
1611.93738	37
1612.76086	30
1613.58436	46
1614.40788	37
1615.23143	45
1616.05499	50
1616.87859	48
1617.7022	51
1618.52584	58
1619.34951	30
1620.17319	45
1620.9969	42
1621.82064	39
1622.6444	25
1623.46818	34
1624.29198	27
1625.11581	32
1625.93966	32
1626.76354	27
1627.58744	21
1628.41136	31
1629.23531	30
1630.05927	32
1630.88327	24
1631.70728	23
1632.53133	22
1633.35539	21
1634.17948	29
1635.00359	31
1635.82772	26
1636.65188	20
1637.47606	17
1638.30027	20
1639.1245	21
1639.94875	29
1640.77302	29
1641.59732	20
1642.42165	24
1643.24599	26
1644.07036	18
1644.89476	18
1645.71917	26
1646.54362	29
1647.36808	35
1648.19257	29
1649.01708	24
1649.84161	29
1650.66617	19
1651.49076	32
1652.31536	19
1653.13999	32
1653.96464	23
1654.78932	23
1655.61402	31
1656.43874	22
1657.26349	18
1658.08826	24
1658.91305	21
1659.73787	28
1660.56271	15
1661.38758	16
1662.21247	29
1663.03738	9
1663.86231	28
1664.68727	22
1665.51226	22
1666.33726	25
1667.16229	31
1667.98735	24
1668.81242	33
1669.63752	27
1670.46265	21
1671.28779	22
1672.11297	20
1672.93816	19
1673.76338	19
1674.58862	21
1675.41389	28
1676.23917	32
1677.06449	32
1677.88982	25
1678.71518	25
1679.54057	26
1680.36597	32
1681.1914	24
1682.01686	30
1682.84233	25
1683.66783	32
1684.49336	25
1685.31891	22
1686.14448	26
1686.97007	19
1687.79569	27
1688.62134	24
1689.447	34
1690.27269	19
1691.0984	20
1691.92414	28
1692.7499	30
1693.57568	19
1694.40149	26
1695.22732	17
1696.05318	19
1696.87905	25
1697.70495	23
1698.53088	20
1699.35683	21
1700.1828	18
1701.0088	21
1701.83482	33
1702.66086	23
1703.48692	20
1704.31301	25
1705.13913	24
1705.96526	23
1706.79143	18
1707.61761	31
1708.44382	24
1709.27005	27
1710.0963	22
1710.92258	36
1711.74888	37
1712.57521	21
1713.40156	31
1714.22793	40
1715.05433	40
1715.88075	36
1716.70719	33
1717.53366	31
1718.36015	36
1719.18666	27
1720.0132	30
1720.83976	23
1721.66634	27
1722.49295	22
1723.31958	20
1724.14624	27
1724.97292	22
1725.79962	24
1726.62635	29
1727.4531	23
1728.27987	25
1729.10666	28
1729.93349	16
1730.76033	28
1731.5872	27
1732.41409	24
1733.241	29
1734.06794	16
1734.8949	25
1735.72189	28
1736.54889	21
1737.37593	19
1738.20298	17
1739.03006	24
1739.85716	27
1740.68429	29
1741.51144	19
1742.33861	19
1743.16581	24
1743.99303	30
1744.82028	44
1745.64754	45
1746.47484	54
1747.30215	78
1748.12949	79
1748.95685	116
1749.78424	127
1750.61165	104
1751.43908	93
1752.26653	76
1753.09401	59
1753.92152	54
1754.74904	44
1755.57659	28
1756.40417	29
1757.23177	27
1758.05939	19
1758.88703	15
1759.7147	19
1760.54239	21
1761.37011	20
1762.19785	18
1763.02561	20
1763.8534	17
1764.6812	24
1765.50904	18
1766.33689	22
1767.16477	26
1767.99268	21
1768.82061	19
1769.64856	16
1770.47653	18
1771.30453	18
1772.13255	25
1772.9606	10
1773.78867	18
1774.61676	27
1775.44487	23
1776.27301	30
1777.10118	16
1777.92936	22
1778.75757	25
1779.58581	16
1780.41406	23
1781.24234	29
1782.07065	24
1782.89898	17
1783.72733	21
1784.5557	19
1785.3841	16
1786.21252	23
1787.04097	19
1787.86944	22
1788.69793	26
1789.52645	28
1790.35499	29
1791.18355	15
1792.01214	20
1792.84075	18
1793.66938	25
1794.49804	23
1795.32672	22
1796.15543	27
1796.98415	23
1797.81291	25
1798.64168	24
1799.47048	13
1800.2993	16
1801.12815	23
1801.95702	15
1802.78591	21
1803.61483	18
1804.44377	20
1805.27273	24
1806.10172	13
1806.93073	26
1807.75977	22
1808.58882	21
1809.41791	21
1810.24701	23
1811.07614	23
1811.90529	23
1812.73447	18
1813.56367	28
1814.39289	24
1815.22214	28
1816.05141	25
1816.8807	32
1817.71002	18
1818.53936	34
1819.36872	29
1820.19811	23
1821.02752	23
1821.85696	23
1822.68642	27
1823.5159	17
1824.34541	26
1825.17493	15
1826.00449	25
1826.83406	25
1827.66366	28
1828.49329	32
1829.32293	36
1830.15261	18
1830.9823	26
1831.81202	27
1832.64176	33
1833.47152	30
1834.30131	23
1835.13112	29
1835.96096	24
1836.79082	23
1837.6207	26
1838.45061	22
1839.28054	19
1840.11049	26
1840.94047	21
1841.77047	33
1842.60049	24
1843.43054	17
1844.26061	16
1845.09071	30
1845.92082	22
1846.75097	27
1847.58113	15
1848.41132	28
1849.24153	26
1850.07177	17
1850.90203	16
1851.73231	21
1852.56262	20
1853.39295	28
1854.2233	23
1855.05368	23
1855.88408	20
1856.7145	37
1857.54495	26
1858.37542	29
1859.20592	31
1860.03644	29
1860.86698	22
1861.69755	30
1862.52814	25
1863.35875	20
1864.18939	19
1865.02005	34
1865.85073	21
1866.68144	26
1867.51217	30
1868.34292	16
1869.1737	19
1870.0045	19
1870.83533	31
1871.66617	23
1872.49705	31
1873.32794	13
1874.15886	30
1874.9898	25
1875.82077	24
1876.65176	26
1877.48277	23
1878.31381	27
1879.14487	21
1879.97596	17
1880.80706	31
1881.63819	23
1882.46935	15
1883.30053	23
1884.13173	17
1884.96295	15
1885.7942	15
1886.62548	20
1887.45677	19
1888.28809	25
1889.11944	20
1889.9508	23
1890.78219	18
1891.61361	24
1892.44504	27
1893.27651	11
1894.10799	19
1894.9395	11
1895.77103	14
1896.60259	26
1897.43416	22
1898.26577	15
1899.09739	25
1899.92904	24
1900.76071	20
1901.59241	18
1902.42413	14
1903.25588	10
1904.08764	19
1904.91943	16
1905.75125	24
1906.58309	12
1907.41495	19
1908.24683	23
1909.07874	22
1909.91067	20
1910.74263	16
1911.57461	24
1912.40661	25
1913.23864	16
1914.07069	14
1914.90276	26
1915.73486	24
1916.56698	27
1917.39912	33
1918.23129	28
1919.06348	20
1919.8957	25
1920.72794	18
1921.5602	31
1922.39248	24
1923.22479	26
1924.05713	20
1924.88948	21
1925.72186	18
1926.55426	20
1927.38669	31
1928.21914	22
1929.05162	16
1929.88411	20
1930.71663	18
1931.54918	28
1932.38175	24
1933.21434	22
1934.04696	17
1934.87959	19
1935.71226	23
1936.54494	21
1937.37765	26
1938.21039	23
1939.04314	20
1939.87592	11
1940.70873	28
1941.54155	28
1942.3744	18
1943.20728	19
1944.04018	20
1944.8731	14
1945.70604	27
1946.53901	25
1947.37201	20
1948.20502	20
1949.03806	25
1949.87112	22
1950.70421	21
1951.53732	27
1952.37045	20
1953.20361	24
1954.03679	22
1954.87	23
1955.70322	22
1956.53648	21
1957.36975	22
1958.20305	22
1959.03637	20
1959.86972	22
1960.70309	19
1961.53648	25
1962.36989	12
1963.20333	19
1964.0368	21
1964.87029	17
1965.7038	22
1966.53733	16
1967.37089	31
1968.20447	12
1969.03807	21
1969.8717	17
1970.70535	15
1971.53903	20
1972.37273	17
1973.20645	19
1974.0402	22
1974.87397	23
1975.70776	12
1976.54158	21
1977.37542	25
1978.20928	25
1979.04317	26
1979.87708	27
1980.71101	17
1981.54497	19
1982.37895	18
1983.21296	25
1984.04699	23
1984.88104	19
1985.71512	19
1986.54922	22
1987.38334	21
1988.21749	20
1989.05166	18
1989.88585	21
1990.72007	17
1991.55431	18
1992.38857	17
1993.22286	23
1994.05717	17
1994.89151	15
1995.72587	28
1996.56025	18
1997.39465	19
1998.22908	23
1999.06354	21
1999.89801	23
2000.73251	17
2001.56704	23
2002.40158	28
2003.23615	19
2004.07075	17
2004.90537	22
2005.74001	16
2006.57467	21
2007.40936	20
2008.24407	19
2009.07881	14
2009.91357	22
2010.74835	27
2011.58316	15
2012.41799	22
2013.25284	22
2014.08772	20
2014.92262	20
2015.75754	13
2016.59249	17
2017.42746	28
2018.26246	26
2019.09747	14
2019.93252	14
2020.76758	17
2021.60267	10
2022.43778	19
2023.27292	15
2024.10808	16
2024.94326	21
2025.77847	17
2026.6137	18
2027.44895	10
2028.28423	20
2029.11953	23
2029.95485	19
2030.7902	23
2031.62557	24
2032.46097	27
2033.29639	9
2034.13183	19
2034.9673	16
2035.80279	23
2036.6383	22
2037.47384	23
2038.3094	20
2039.14498	14
2039.98059	26
2040.81622	23
2041.65187	19
2042.48755	14
2043.32325	19
2044.15898	16
2044.99472	17
2045.8305	20
2046.66629	21
2047.50211	21
2048.33795	23
2049.17382	16
2050.00971	26
2050.84562	31
2051.68156	14
2052.51752	29
2053.35351	23
2054.18951	24
2055.02554	27
2055.8616	21
2056.69768	25
2057.53378	23
2058.36991	17
2059.20605	17
2060.04223	18
2060.87842	22
2061.71464	25
2062.55089	19
2063.38715	17
2064.22344	19
2065.05976	25
2065.8961	21
2066.73246	25
2067.56884	17
2068.40525	17
2069.24168	20
2070.07814	25
2070.91461	17
2071.75112	16
2072.58764	13
2073.42419	19
2074.26077	24
2075.09736	16
2075.93398	22
2076.77063	20
2077.60729	27
2078.44398	29
2079.2807	25
2080.11744	31
2080.9542	39
2081.79098	43
2082.62779	50
2083.46462	73
2084.30148	76
2085.13836	78
2085.97526	68
2086.81219	51
2087.64914	60
2088.48611	54
2089.32311	52
2090.16013	42
2090.99717	42
2091.83424	38
2092.67133	25
2093.50845	23
2094.34559	16
2095.18275	19
2096.01994	19
2096.85714	26
2097.69438	23
2098.53163	21
2099.36891	22
2100.20622	35
2101.04354	27
2101.88089	36
2102.71827	22
2103.55567	26
2104.39309	21
2105.23053	24
2106.068	22
2106.90549	21
2107.74301	21
2108.58055	16
2109.41811	19
2110.25569	24
2111.0933	18
2111.93094	22
2112.76859	15
2113.60627	25
2114.44398	23
2115.28171	20
2116.11946	18
2116.95723	10
2117.79503	23
2118.63285	17
2119.4707	22
2120.30857	20
2121.14646	30
2121.98437	23
2122.82231	15
2123.66028	24
2124.49826	18
2125.33627	21
2126.17431	23
2127.01236	22
2127.85044	21
2128.68855	26
2129.52668	19
2130.36483	20
2131.203	19
2132.0412	16
2132.87942	16
2133.71767	18
2134.55594	25
2135.39423	23
2136.23255	26
2137.07089	25
2137.90925	16
2138.74764	22
2139.58605	16
2140.42448	25
2141.26294	23
2142.10142	18
2142.93993	24
2143.77846	21
2144.61701	20
2145.45558	20
2146.29418	13
2147.1328	20
2147.97145	21
2148.81012	29
2149.64881	16
2150.48753	23
2151.32627	24
2152.16503	25
2153.00382	15
2153.84263	24
2154.68147	26
2155.52033	8
2156.35921	21
2157.19811	25
2158.03704	28
2158.87599	22
2159.71497	19
2160.55397	19
2161.39299	25
2162.23204	20
2163.07111	18
2163.9102	21
2164.74932	18
2165.58846	21
2166.42763	18
2167.26681	21
2168.10603	20
2168.94526	25
2169.78452	21
2170.6238	18
2171.46311	16
2172.30244	23
2173.14179	21
2173.98117	19
2174.82057	28
2175.65999	26
2176.49944	26
2177.33891	23
2178.1784	22
2179.01792	17
2179.85746	18
2180.69703	29
2181.53662	30
2182.37623	28
2183.21586	43
2184.05552	42
2184.8952	58
2185.73491	43
2186.57464	49
2187.41439	28
2188.25417	46
2189.09397	34
2189.9338	27
2190.77364	42
2191.61351	21
2192.45341	25
2193.29333	25
2194.13327	23
2194.97323	17
2195.81322	20
2196.65324	13
2197.49327	20
2198.33333	24
2199.17342	26
2200.01352	21
2200.85365	17
2201.69381	29
2202.53398	18
2203.37418	19
2204.21441	13
2205.05466	20
2205.89493	22
2206.73522	25
2207.57554	23
2208.41589	22
2209.25625	21
2210.09664	19
2210.93705	30
2211.77749	16
2212.61795	18
2213.45843	25
2214.29894	22
2215.13947	31
2215.98003	10
2216.8206	18
2217.66121	13
2218.50183	18
2219.34248	21
2220.18315	20
2221.02385	17
2221.86457	21
2222.70531	23
2223.54608	22
2224.38687	27
2225.22768	12
2226.06852	21
2226.90938	28
2227.75026	24
2228.59117	32
2229.4321	25
2230.27306	29
2231.11403	20
2231.95504	24
2232.79606	29
2233.63711	22
2234.47818	15
2235.31928	18
2236.1604	16
2237.00154	31
2237.84271	19
2238.6839	26
2239.52511	16
2240.36635	17
2241.20761	22
2242.0489	17
2242.8902	22
2243.73154	23
2244.57289	18
2245.41427	21
2246.25567	28
2247.0971	23
2247.93855	19
2248.78002	25
2249.62152	23
2250.46304	23
2251.30458	22
2252.14615	23
2252.98774	27
2253.82936	32
2254.67099	24
2255.51265	24
2256.35434	27
2257.19605	28
2258.03778	21
2258.87954	30
2259.72132	24
2260.56312	22
2261.40495	19
2262.2468	29
2263.08867	22
2263.93057	23
2264.77249	21
2265.61443	26
2266.4564	24
2267.29839	24
2268.14041	24
2268.98244	20
2269.82451	22
2270.66659	19
2271.5087	25
2272.35083	24
2273.19299	22
2274.03517	28
2274.87737	20
2275.7196	25
2276.56185	18
2277.40412	25
2278.24642	18
2279.08874	24
2279.93109	24
2280.77346	24
2281.61585	21
2282.45826	18
2283.3007	25
2284.14317	20
2284.98565	21
2285.82816	18
2286.67069	29
2287.51325	24
2288.35583	26
2289.19844	22
2290.04106	32
2290.88371	23
2291.72639	27
2292.56909	29
2293.41181	21
2294.25455	32
2295.09732	21
2295.94011	29
2296.78293	27
2297.62577	32
2298.46863	29
2299.31152	19
2300.15443	27
2300.99736	19
2301.84032	24
2302.6833	13
2303.52631	29
2304.36933	16
2305.21239	27
2306.05546	25
2306.89856	25
2307.74168	29
2308.58483	28
2309.428	27
2310.27119	33
2311.11441	31
2311.95765	22
2312.80091	20
2313.6442	18
2314.48751	21
2315.33084	30
2316.1742	23
2317.01758	23
2317.86098	28
2318.70441	25
2319.54786	34
2320.39134	21
2321.23484	26
2322.07836	30
2322.92191	31
2323.76548	28
2324.60907	31
2325.45269	29
2326.29633	30
2327.13999	29
2327.98368	26
2328.82739	28
2329.67113	26
2330.51488	33
2331.35867	12
2332.20247	30
2333.0463	25
2333.89015	35
2334.73403	35
2335.57793	20
2336.42185	18
2337.2658	35
2338.10977	24
2338.95376	25
2339.79778	21
2340.64182	27
2341.48588	30
2342.32997	25
2343.17408	28
2344.01822	26
2344.86238	28
2345.70656	28
2346.55077	18
2347.395	32
2348.23925	31
2349.08353	36
2349.92783	33
2350.77215	21
2351.6165	25
2352.46087	26
2353.30526	31
2354.14968	29
2354.99412	26
2355.83859	27
2356.68307	24
2357.52759	23
2358.37212	23
2359.21668	33
2360.06126	21
2360.90587	24
2361.7505	32
2362.59515	22
2363.43983	19
2364.28453	15
2365.12925	20
2365.974	24
2366.81877	16
2367.66357	20
2368.50839	15
2369.35323	24
2370.19809	21
2371.04298	17
2371.8879	16
2372.73283	13
2373.57779	20
2374.42277	21
2375.26778	18
2376.11281	24
2376.95787	15
2377.80294	8
2378.64804	12
2379.49317	17
2380.33832	21
2381.18349	21
2382.02868	10
2382.8739	18
2383.71914	15
2384.56441	12
2385.4097	20
2386.25501	19
2387.10035	22
2387.94571	15
2388.79109	13
2389.6365	17
2390.48193	26
2391.32739	16
2392.17286	16
2393.01837	17
2393.86389	12
2394.70944	16
2395.55501	19
2396.40061	20
2397.24623	17
2398.09187	18
2398.93754	13
2399.78323	15
2400.62894	9
2401.47468	14
2402.32044	15
2403.16622	13
2404.01203	16
2404.85786	14
2405.70372	12
2406.54959	7
2407.3955	29
2408.24142	16
2409.08737	17
2409.93334	12
2410.77934	15
2411.62536	20
2412.4714	13
2413.31747	11
2414.16356	15
2415.00967	17
2415.85581	13
2416.70197	19
2417.54816	9
2418.39437	9
2419.2406	15
2420.08685	20
2420.93313	14
2421.77943	28
2422.62576	15
2423.47211	22
2424.31848	25
2425.16488	21
2426.0113	24
2426.85774	32
2427.70421	24
2428.5507	23
2429.39722	17
2430.24375	15
2431.09032	13
2431.9369	14
2432.78351	11
2433.63014	16
2434.4768	15
2435.32348	15
2436.17018	12
2437.01691	11
2437.86366	15
2438.71043	9
2439.55723	15
2440.40405	12
2441.25089	17
2442.09776	11
2442.94465	10
2443.79157	9
2444.6385	4
2445.48547	5
2446.33245	8
2447.17946	15
2448.02649	12
2448.87355	9
2449.72063	9
2450.56773	12
2451.41486	12
2452.26201	11
2453.10919	12
2453.95638	17
2454.8036	13
2455.65085	8
2456.49812	8
2457.34541	9
2458.19273	10
2459.04006	10
2459.88743	13
2460.73481	14
2461.58222	10
2462.42966	5
2463.27711	10
2464.12459	11
2464.9721	13
2465.81962	5
2466.66718	7
2467.51475	7
2468.36235	3
2469.20997	5
2470.05762	4
2470.90528	12
2471.75298	11
2472.60069	7
2473.44843	8
2474.29619	11
2475.14398	7
2475.99179	8
2476.83963	2
2477.68748	10
2478.53536	9
2479.38327	11
2480.2312	13
2481.07915	8
2481.92712	6
2482.77512	5
2483.62314	8
2484.47119	8
2485.31926	7
2486.16735	9
2487.01547	7
2487.86361	3
2488.71177	7
2489.55996	4
2490.40817	8
2491.2564	4
2492.10466	4
2492.95294	3
2493.80125	4
2494.64958	7
2495.49793	5
2496.3463	3
2497.1947	5
2498.04312	4
2498.89157	9
2499.74004	4
2500.58853	6
2501.43705	2
2502.28559	4
2503.13416	3
2503.98274	4
2504.83135	2
2505.67999	4
2506.52865	9
2507.37733	4
2508.22603	7
2509.07476	9
2509.92352	2
2510.77229	5
2511.62109	8
2512.46991	4
2513.31876	5
2514.16763	1
2515.01653	3
2515.86544	4
2516.71438	5
2517.56335	5
2518.41234	5
2519.26135	7
2520.11038	7
2520.95944	6
2521.80852	2
2522.65763	6
2523.50676	2
2524.35591	5
2525.20509	3
2526.05429	7
2526.90351	4
2527.75276	4
2528.60203	7
2529.45132	5
2530.30064	3
2531.14998	2
2531.99935	4
2532.84874	3
2533.69815	5
2534.54758	6
2535.39704	3
2536.24653	2
2537.09603	7
2537.94556	4
2538.79512	6
2539.64469	2
2540.49429	6
2541.34392	5
2542.19357	6
2543.04324	6
2543.89293	9
2544.74265	5
2545.59239	7
2546.44216	6
2547.29195	5
2548.14176	1
2548.9916	6
2549.84146	2
2550.69134	4
2551.54125	7
2552.39118	7
2553.24113	6
2554.09111	7
2554.94111	4
2555.79113	4
2556.64118	8
2557.49125	5
2558.34135	4
2559.19147	8
2560.04161	4
2560.89177	3
2561.74196	7
2562.59218	9
2563.44241	9
2564.29267	6
2565.14296	6
2565.99327	5
2566.8436	2
2567.69395	5
2568.54433	7
2569.39473	6
2570.24516	6
2571.0956	5
2571.94608	7
2572.79657	1
2573.64709	0
2574.49763	8
2575.3482	7
2576.19879	7
2577.0494	5
2577.90004	4
2578.7507	7
2579.60139	3
2580.45209	9
2581.30282	6
2582.15358	5
2583.00436	11
2583.85516	14
2584.70599	15
2585.55683	31
2586.40771	47
2587.2586	85
2588.10952	99
2588.96047	144
2589.81143	237
2590.66242	278
2591.51344	321
2592.36448	390
2593.21554	392
2594.06662	368
2594.91773	318
2595.76886	289
2596.62002	233
2597.4712	175
2598.3224	127
2599.17362	110
2600.02487	71
2600.87615	63
2601.72744	27
2602.57876	19
2603.43011	5
2604.28148	3
2605.13287	0
2605.98428	1
2606.83572	0
2607.68718	1
2608.53867	1
2609.39017	1
2610.24171	0
2611.09326	0
2611.94484	0
2612.79645	1
2613.64807	1
2614.49972	0
2615.3514	0
2616.20309	1
2617.05481	1
2617.90656	0
2618.75833	0
2619.61012	0
2620.46193	0
2621.31377	0
2622.16563	1
2623.01752	0
2623.86943	1
2624.72136	0
2625.57332	0
2626.4253	2
2627.2773	0
2628.12933	1
2628.98138	0
2629.83345	0
2630.68555	0
2631.53767	0
2632.38982	1
2633.24198	0
2634.09418	0
2634.94639	0
2635.79863	1
2636.65089	0
2637.50318	1
2638.35549	0
2639.20782	0
2640.06018	0
2640.91256	1
2641.76496	0
2642.61739	0
2643.46984	0
2644.32232	1
2645.17481	0
2646.02734	2
2646.87988	0
2647.73245	0
2648.58504	1
2649.43766	0
2650.2903	0
2651.14296	0
2651.99565	0
2652.84836	0
2653.70109	0
2654.55385	1
2655.40663	0
2656.25943	0
2657.11226	0
2657.96511	0
2658.81799	0
2659.67089	0
2660.52381	0
2661.37676	0
2662.22972	0
2663.08272	0
2663.93573	0
2664.78877	1
2665.64184	0
2666.49492	0
2667.34804	0
2668.20117	0
2669.05433	1
2669.90751	1
2670.76071	2
2671.61394	1
2672.46719	0
2673.32047	0
2674.17377	0
2675.02709	1
2675.88044	1
2676.73381	1
2677.5872	0
2678.44062	0
2679.29406	0
2680.14752	0
2681.00101	0
2681.85452	0
2682.70806	0
2683.56161	0
2684.4152	0
2685.2688	0
2686.12243	0
2686.97608	0
2687.82976	0
2688.68346	1
2689.53718	0
2690.39093	0
2691.2447	0
2692.09849	0
2692.95231	0
2693.80615	0
2694.66002	1
2695.5139	1
2696.36782	0
2697.22175	0
2698.07571	0
2698.92969	0
2699.7837	1
2700.63773	1
2701.49178	0
2702.34586	0
2703.19996	0
2704.05408	0
2704.90823	0
2705.7624	0
2706.61659	0
2707.47081	0
2708.32505	0
2709.17932	0
2710.03361	0
2710.88792	0
2711.74225	0
2712.59661	0
2713.451	0
2714.3054	0
2715.15983	0
2716.01428	2
2716.86876	0
2717.72326	1
2718.57779	1
2719.43233	0
2720.28691	0
2721.1415	0
2721.99612	1
2722.85076	2
2723.70543	0
2724.56012	1
2725.41483	0
2726.26956	1
2727.12432	0
2727.97911	0
2728.83391	0
2729.68874	0
2730.5436	0
2731.39848	0
2732.25338	0
2733.1083	0
2733.96325	0
2734.81822	0
2735.67322	0
2736.52824	1
2737.38328	0
2738.23834	1
2739.09343	0
2739.94855	0
2740.80368	1
2741.65884	0
2742.51403	0
2743.36923	0
2744.22447	1
2745.07972	0
2745.935	0
2746.7903	1
2747.64562	1
2748.50097	1
2749.35634	0
2750.21174	0
2751.06716	1
2751.9226	0
2752.77807	0
2753.63356	0
2754.48907	0
2755.34461	0
2756.20017	0
2757.05576	0
2757.91136	1
2758.76699	1
2759.62265	0
2760.47833	0
2761.33403	1
2762.18976	0
2763.0455	1
2763.90128	0
2764.75707	0
2765.61289	1
2766.46874	0
2767.3246	0
2768.18049	0
2769.03641	0
2769.89235	1
2770.74831	0
2771.60429	1
2772.4603	0
2773.31633	0
2774.17239	0
2775.02847	0
2775.88457	0
2776.74069	0
2777.59684	0
2778.45302	1
2779.30921	0
2780.16543	1
2781.02168	0
2781.87795	0
2782.73424	0
2783.59055	0
2784.44689	0
2785.30325	0
2786.15964	0
2787.01604	0
2787.87248	1
2788.72893	0
2789.58541	0
2790.44192	0
2791.29844	0
2792.15499	0
2793.01157	0
2793.86816	0
2794.72478	0
2795.58143	0
2796.4381	0
2797.29479	0
2798.1515	1
2799.00824	0
2799.865	0
2800.72179	0
2801.5786	0
2802.43543	0
2803.29229	1
2804.14917	1
2805.00607	2
2805.863	0
2806.71995	0
2807.57692	0
2808.43392	1
2809.29094	0
2810.14799	0
2811.00505	0
2811.86215	0
2812.71926	0
2813.5764	0
2814.43356	0
2815.29075	0
2816.14796	0
2817.00519	0
2817.86245	0
2818.71973	0
2819.57703	0
2820.43436	0
2821.29171	0
2822.14909	0
2823.00649	1
2823.86391	0
2824.72135	1
2825.57882	0
2826.43631	1
2827.29383	0
2828.15137	0
2829.00893	1
2829.86652	1
2830.72413	0
2831.58176	0
2832.43942	0
2833.2971	0
2834.15481	0
2835.01253	0
2835.87029	0
2836.72806	0
2837.58586	0
2838.44368	0
2839.30153	1
2840.1594	0
2841.01729	2
2841.87521	1
2842.73315	0
2843.59111	1
2844.4491	0
2845.30711	0
2846.16514	0
2847.0232	1
2847.88128	2
2848.73939	0
2849.59751	2
2850.45567	1
2851.31384	0
2852.17204	0
2853.03026	0
2853.88851	0
2854.74678	0
2855.60507	1
2856.46339	0
2857.32173	0
2858.18009	1
2859.03848	0
2859.89689	0
2860.75533	0
2861.61379	0
2862.47227	0
2863.33077	0
2864.1893	0
2865.04786	1
2865.90643	1
2866.76503	0
2867.62365	1
2868.4823	0
2869.34097	0
2870.19966	1
2871.05838	0
2871.91712	2
2872.77589	0
2873.63468	2
2874.49349	0
2875.35232	1
2876.21118	2
2877.07006	0
2877.92897	0
2878.7879	0
2879.64685	0
2880.50583	0
2881.36483	0
2882.22385	0
2883.0829	1
2883.94197	0
2884.80106	0
2885.66018	0
2886.51932	0
2887.37849	0
2888.23768	0
2889.09689	0
2889.95613	0
2890.81539	0
2891.67467	0
2892.53397	0
2893.3933	0
2894.25266	0
2895.11203	0
2895.97144	0
2896.83086	0
2897.69031	1
2898.54978	0
2899.40927	0
2900.26879	0
2901.12833	0
2901.9879	0
2902.84749	0
2903.7071	0
2904.56674	0
2905.4264	1
2906.28608	0
2907.14579	0
2908.00552	0
2908.86527	0
2909.72505	1
2910.58485	1
2911.44467	1
2912.30452	0
2913.16439	0
2914.02429	0
2914.88421	0
2915.74415	1
2916.60412	0
2917.46411	0
2918.32412	0
2919.18416	1
2920.04422	0
2920.9043	1
2921.76441	0
2922.62454	0
2923.48469	0
2924.34487	0
2925.20507	0
2926.0653	0
2926.92555	1
2927.78582	0
2928.64611	0
2929.50643	0
2930.36678	0
2931.22714	0
2932.08753	0
2932.94795	1
2933.80838	0
2934.66884	0
2935.52933	1
2936.38984	1
2937.25037	0
2938.11092	0
2938.9715	0
2939.8321	0
2940.69273	1
2941.55338	1
2942.41405	1
2943.27475	1
2944.13547	1
2944.99621	1
2945.85698	0
2946.71777	0
2947.57858	0
2948.43942	1
2949.30028	0
2950.16117	0
2951.02207	0
2951.88301	0
2952.74396	0
2953.60494	0
2954.46594	0
2955.32697	1
2956.18802	0
2957.04909	0
2957.91019	0
2958.77131	0
2959.63245	0
2960.49362	0
2961.35481	0
2962.21603	0
2963.07726	0
2963.93853	1
2964.79981	0
2965.66112	0
2966.52245	0
2967.38381	0
2968.24519	0
2969.10659	1
2969.96802	0
2970.82947	0
2971.69094	0
2972.55244	0
2973.41396	0
2974.2755	0
2975.13707	1
2975.99866	0
2976.86028	0
2977.72192	0
2978.58358	1
2979.44526	0
2980.30697	0
2981.16871	0
2982.03046	1
2982.89224	0
2983.75405	0
2984.61587	1
2985.47772	0
2986.3396	0
2987.2015	0
2988.06342	1
2988.92536	0
2989.78733	0
2990.64932	0
2991.51134	0
2992.37338	1
2993.23544	0
2994.09753	0
2994.95963	0
2995.82177	0
2996.68393	1
2997.54611	0
2998.40831	0
2999.27054	0
3000.13279	0
3000.99506	0
3001.85736	0
3002.71968	0
3003.58203	0
3004.4444	0
3005.30679	0
3006.16921	0
3007.03165	0
3007.89411	0
3008.75659	0
3009.61911	1
3010.48164	1
3011.3442	0
3012.20678	0
3013.06938	1
3013.93201	0
3014.79466	0
3015.65734	0
3016.52004	0
3017.38276	0
3018.2455	0
3019.10827	1
3019.97107	0
3020.83388	2
3021.69672	0
3022.55959	0
3023.42247	1
3024.28538	1
3025.14832	0
3026.01128	0
3026.87426	0
3027.73726	0
3028.60029	0
3029.46334	0
3030.32642	0
3031.18952	0
3032.05264	1
3032.91579	0
3033.77896	0
3034.64215	0
3035.50537	0
3036.36861	0
3037.23187	0
3038.09516	0
3038.95847	0
3039.8218	0
3040.68516	0
3041.54854	1
3042.41195	0
3043.27538	0
3044.13883	1
3045.00231	0
3045.86581	1
3046.72933	0
3047.59288	0
3048.45645	0
3049.32004	0
3050.18366	0
3051.0473	0
3051.91096	0
3052.77465	0
3053.63836	0
3054.5021	0
3055.36586	0
3056.22964	2
3057.09345	0
3057.95728	0
3058.82113	0
3059.68501	0
3060.54891	0
3061.41283	0
3062.27678	1
3063.14075	0
3064.00474	0
3064.86876	2
3065.7328	0
3066.59687	0
3067.46096	0
3068.32507	0
3069.1892	0
3070.05336	0
3070.91755	0
3071.78175	0
3072.64598	1
3073.51024	0
3074.37451	0
3075.23881	0
3076.10314	0
3076.96748	0
3077.83186	0
3078.69625	0
3079.56067	0
3080.42511	1
3081.28958	0
3082.15407	0
3083.01858	0
3083.88311	0
3084.74767	0
3085.61226	0
3086.47686	0
3087.3415	1
3088.20615	0
3089.07083	0
3089.93553	0
3090.80025	0
3091.665	1
3092.52977	0
3093.39457	0
3094.25939	0
3095.12423	0
3095.9891	0
3096.85398	0
3097.7189	0
3098.58383	0
3099.44879	0
3100.31378	0
3101.17879	0
3102.04382	0
3102.90887	0
3103.77395	0
3104.63905	0
3105.50418	0
3106.36932	1
3107.2345	0
3108.09969	0
3108.96491	0
3109.83016	0
3110.69542	0
3111.56071	0
3112.42603	0
3113.29136	0
3114.15672	0
3115.02211	0
3115.88752	0
3116.75295	0
3117.6184	0
3118.48388	0
3119.34938	0
3120.21491	0
3121.08046	0
3121.94603	1
3122.81163	0
3123.67725	0
3124.54289	0
3125.40856	0
3126.27425	0
3127.13996	0
3128.0057	0
3128.87146	0
3129.73724	0
3130.60305	0
3131.46888	0
3132.33474	0
3133.20062	0
3134.06652	0
3134.93245	0
3135.7984	0
3136.66437	0
3137.53037	0
3138.39639	0
3139.26243	0
3140.1285	1
3140.99459	0
3141.8607	0
3142.72684	0
3143.593	0
3144.45919	0
3145.3254	0
3146.19163	0
3147.05789	0
3147.92417	0
3148.79047	0
3149.6568	0
3150.52315	0
3151.38952	1
3152.25592	0
3153.12234	0
3153.98878	0
3154.85525	0
3155.72174	1
3156.58826	0
3157.4548	0
3158.32136	0
3159.18794	0
3160.05455	0
3160.92119	0
3161.78784	0
3162.65452	0
3163.52123	1
3164.38795	0
3165.2547	0
3166.12148	0
3166.98828	0
3167.8551	0
3168.72194	0
3169.58881	0
3170.4557	0
3171.32262	0
3172.18956	0
3173.05652	0
3173.92351	0
3174.79052	0
3175.65755	0
3176.52461	0
3177.39169	0
3178.25879	0
3179.12592	0
3179.99307	0
3180.86024	1
3181.72744	0
3182.59466	0
3183.46191	0
3184.32918	0
3185.19647	0
3186.06379	0
3186.93113	0
3187.79849	0
3188.66588	1
3189.53329	0
3190.40072	0
3191.26818	0
3192.13566	0
3193.00316	0
3193.87069	0
3194.73824	0
3195.60582	0
3196.47342	0
3197.34104	0
3198.20868	0
3199.07635	0
3199.94405	0
3200.81176	0
3201.6795	0
3202.54727	0
3203.41505	2
3204.28286	0
3205.1507	1
3206.01856	0
3206.88644	0
3207.75434	0
3208.62227	0
3209.49022	0
3210.3582	0
3211.2262	0
3212.09422	0
3212.96227	0
3213.83034	1
3214.69843	0
3215.56655	0
3216.43469	0
3217.30285	0
3218.17104	0
3219.03925	0
3219.90749	1
3220.77574	0
3221.64403	0
3222.51233	0
3223.38066	1
3224.24901	0
3225.11739	0
3225.98579	0
3226.85421	0
3227.72266	0
3228.59113	0
3229.45962	0
3230.32814	0
3231.19668	0
3232.06525	0
3232.93383	0
3233.80245	0
3234.67108	0
3235.53974	2
3236.40842	0
3237.27713	1
3238.14586	0
3239.01461	0
3239.88339	0
3240.75219	1
3241.62101	0
3242.48986	0
3243.35873	0
3244.22762	0
3245.09654	0
3245.96548	0
3246.83445	0
3247.70344	0
3248.57245	0
3249.44149	1
3250.31054	0
3251.17963	1
3252.04873	0
3252.91786	0
3253.78702	0
3254.65619	0
3255.52539	0
3256.39462	0
3257.26387	0
3258.13314	0
3259.00243	0
3259.87175	0
3260.74109	0
3261.61046	0
3262.47985	0
3263.34926	0
3264.2187	0
3265.08816	0
3265.95764	0
3266.82715	1
3267.69668	0
3268.56623	0
3269.43581	0
3270.30541	0
3271.17504	0
3272.04468	0
3272.91436	1
3273.78405	0
3274.65377	0
3275.52351	1
3276.39328	0
3277.26307	0
3278.13288	1
3279.00272	0
3279.87258	0
3280.74246	0
3281.61237	0
3282.4823	0
3283.35225	0
3284.22223	2
3285.09223	0
3285.96226	0
3286.83231	0
3287.70238	0
3288.57248	0
3289.4426	0
3290.31274	0
3291.1829	0
3292.05309	0
3292.92331	0
3293.79355	1
3294.66381	0
3295.53409	0
3296.4044	0
3297.27473	1
3298.14508	0
3299.01546	1
3299.88587	0
3300.75629	0
3301.62674	0
3302.49721	0
3303.36771	0
3304.23823	2
3305.10877	0
3305.97934	1
3306.84993	0
3307.72054	0
3308.59118	0
3309.46184	0
3310.33253	1
3311.20324	0
3312.07397	1
3312.94472	0
3313.8155	0
3314.68631	0
3315.55713	1
3316.42798	0
3317.29885	0
3318.16975	0
3319.04067	0
3319.91162	0
3320.78258	0
3321.65357	0
3322.52459	0
3323.39563	1
3324.26669	0
3325.13777	0
3326.00888	0
3326.88002	0
3327.75117	0
3328.62235	0
3329.49355	0
3330.36478	0
3331.23603	0
3332.1073	0
3332.9786	0
3333.84992	0
3334.72127	0
3335.59263	0
3336.46403	0
3337.33544	0
3338.20688	0
3339.07834	0
3339.94983	0
3340.82134	0
3341.69287	0
3342.56443	1
3343.43601	0
3344.30761	0
3345.17924	0
3346.05089	0
3346.92256	1
3347.79426	0
3348.66598	0
3349.53773	1
3350.40949	0
3351.28129	1
3352.1531	0
3353.02494	0
3353.8968	0
3354.76869	0
3355.6406	0
3356.51253	0
3357.38449	0
3358.25647	0
3359.12847	0
3360.0005	1
3360.87255	0
3361.74463	1
3362.61673	0
3363.48885	0
3364.36099	0
3365.23316	0
3366.10535	0
3366.97757	0
3367.84981	0
3368.72207	0
3369.59436	0
3370.46667	0
3371.339	0
3372.21136	0
3373.08374	0
3373.95615	0
3374.82858	0
3375.70103	0
3376.5735	0
3377.446	0
3378.31852	0
3379.19107	0
3380.06364	0
3380.93623	0
